VERTEX2 0 1.008240 -0.016781 0.005957
VERTEX2 1 2.090063 0.008002 0.015650
VERTEX2 2 3.117849 -0.027274 0.023100
VERTEX2 3 4.198081 0.087164 0.035227
VERTEX2 4 5.279355 0.111386 0.045086
VERTEX2 5 6.263466 0.126602 -0.005163
VERTEX2 6 7.283441 0.076036 -0.015700
VERTEX2 7 8.357930 0.058120 -0.015358
VERTEX2 8 9.390035 -0.012710 0.017520
VERTEX2 9 10.408369 -0.056070 -0.208266
VERTEX2 10 11.431652 -0.393503 -0.373306
VERTEX2 11 12.421098 -0.716382 -0.409338
VERTEX2 12 12.938025 -1.136982 -0.920065
VERTEX2 13 13.179887 -1.862584 -1.469585
VERTEX2 14 13.122046 -2.788254 -1.652690
VERTEX2 15 13.051261 -3.758466 -1.687129
VERTEX2 16 12.965443 -4.701408 -1.708143
VERTEX2 17 12.831314 -5.844807 -1.648737
VERTEX2 18 12.820085 -6.955505 -1.575464
VERTEX2 19 12.747445 -7.921361 -1.591606
VERTEX2 20 12.652820 -8.957570 -1.621075
VERTEX2 21 12.563742 -10.037374 -1.610888
VERTEX2 22 12.425200 -11.095818 -1.631360
VERTEX2 23 12.387697 -12.208372 -1.474633
VERTEX2 24 12.510614 -13.263473 -1.500328
VERTEX2 25 12.547478 -14.384032 -1.511643
VERTEX2 26 12.585983 -15.530428 -1.522659
VERTEX2 27 12.620192 -16.542624 -1.541081
VERTEX2 28 12.684799 -17.625564 -1.549389
VERTEX2 29 12.773076 -18.773939 -1.567421
VERTEX2 30 12.704193 -19.809580 -1.517939
VERTEX2 31 12.724701 -20.841986 -1.462831
VERTEX2 32 12.816564 -21.864708 -1.470615
VERTEX2 33 12.894463 -22.846646 -1.457601
VERTEX2 34 12.954367 -23.936482 -1.443297
VERTEX2 35 13.063404 -24.967079 -1.445467
VERTEX2 36 13.163316 -26.009839 -1.465642
VERTEX2 37 13.251729 -27.182310 -1.500353
VERTEX2 38 13.285664 -28.264933 -1.508484
VERTEX2 39 13.169921 -29.271690 -1.511428
VERTEX2 40 13.220708 -30.363185 -1.469856
VERTEX2 41 13.244028 -31.361364 -1.480117
VERTEX2 42 13.330487 -32.520368 -1.451720
VERTEX2 43 13.428325 -33.524649 -1.354528
VERTEX2 44 13.639648 -34.564084 -1.313412
VERTEX2 45 13.869435 -35.270398 -1.294624
VERTEX2 46 14.063414 -36.366230 -1.364240
VERTEX2 47 14.251332 -37.523363 -1.430199
VERTEX2 48 14.343207 -38.637434 -1.440433
VERTEX2 49 14.447920 -39.716769 -1.448148
VERTEX2 50 14.585242 -40.830508 -1.485941
VERTEX2 51 14.724153 -41.866809 -1.501403
VERTEX2 52 14.726488 -42.907917 -1.443042
VERTEX2 53 14.823526 -43.927803 -1.367939
VERTEX2 54 14.981288 -44.878699 -1.373292
VERTEX2 55 15.138925 -46.001730 -1.361288
VERTEX2 56 15.360413 -46.940584 -1.393816
VERTEX2 57 15.490248 -47.914339 -1.391594
VERTEX2 58 15.632656 -48.932275 -1.397703
VERTEX2 59 15.809021 -49.985997 -1.809499
VERTEX2 60 15.509627 -50.443970 -2.359617
VERTEX2 61 14.576048 -50.811841 -2.776838
VERTEX2 62 13.615460 -50.906042 -2.975414
VERTEX2 63 12.567983 -51.065337 -2.960918
VERTEX2 64 11.468120 -51.234896 -2.960536
VERTEX2 65 10.472796 -51.509353 -2.964961
VERTEX2 66 9.542766 -51.715317 -2.955000
VERTEX2 67 8.497177 -51.798926 -2.992378
VERTEX2 68 7.576233 -51.904089 -2.916409
VERTEX2 69 6.502860 -52.066274 -2.715093
VERTEX2 70 5.876391 -52.527963 -2.133180
VERTEX2 71 5.698428 -53.030921 -1.599277
VERTEX2 72 5.836598 -54.067286 -1.348954
VERTEX2 73 6.153189 -55.069875 -1.245237
VERTEX2 74 6.433631 -56.048897 -1.262576
VERTEX2 75 6.574598 -57.073560 -1.541454
VERTEX2 76 6.567743 -58.117504 -1.498989
VERTEX2 77 6.704653 -59.162898 -1.406075
VERTEX2 78 6.957326 -60.164197 -1.184749
VERTEX2 79 7.393262 -61.031874 -1.181012
VERTEX2 80 7.672845 -61.965672 -1.319956
VERTEX2 81 7.862141 -63.102090 -1.315962
VERTEX2 82 8.141905 -64.095752 -1.316535
VERTEX2 83 8.442421 -65.110110 -0.966047
VERTEX2 84 9.040948 -65.725306 -0.381081
VERTEX2 85 9.932431 -65.947867 0.018307
VERTEX2 86 11.026853 -65.658594 0.482614
VERTEX2 87 12.099780 -65.185528 0.519458
VERTEX2 88 13.217687 -64.707835 0.365286
VERTEX2 89 14.185202 -64.468174 0.314768
VERTEX2 90 15.255082 -64.186406 0.305942
VERTEX2 91 16.374322 -63.863361 0.303244
VERTEX2 92 17.288609 -63.648433 0.317155
VERTEX2 93 18.387802 -63.383950 0.266784
VERTEX2 94 19.367190 -63.145902 0.284683
VERTEX2 95 20.453099 -62.960865 0.256754
VERTEX2 96 21.480818 -62.790378 0.285499
VERTEX2 97 22.483118 -62.589602 0.308919
VERTEX2 98 23.557854 -62.260877 0.255520
VERTEX2 99 24.559478 -62.156030 0.307987
VERTEX2 100 25.542875 -61.837153 0.318215
VERTEX2 101 26.575526 -61.540645 0.313647
VERTEX2 102 27.616899 -61.286296 0.269309
VERTEX2 103 28.573987 -60.896154 0.282736
VERTEX2 104 29.344278 -60.715098 0.802537
VERTEX2 105 29.551735 -60.421796 1.402466
VERTEX2 106 29.288525 -59.363432 1.819818
VERTEX2 107 28.966070 -58.270255 1.817081
VERTEX2 108 28.754937 -57.368249 1.864675
VERTEX2 109 28.507110 -56.242217 1.875264
VERTEX2 110 28.237129 -55.266163 1.888845
VERTEX2 111 27.829469 -54.311928 1.890472
VERTEX2 112 27.462585 -53.382465 1.879860
VERTEX2 113 27.192238 -52.407305 1.882016
VERTEX2 114 26.911631 -51.378475 1.882295
VERTEX2 115 26.581491 -50.239206 1.878990
VERTEX2 116 26.366239 -49.283653 1.879661
VERTEX2 117 25.978948 -48.326244 2.559307
VERTEX2 118 25.608446 -48.221833 3.101474
VERTEX2 119 24.534377 -48.164350 -3.028371
VERTEX2 120 23.503318 -48.575211 -2.608228
VERTEX2 121 22.481145 -48.988694 -2.667090
VERTEX2 122 21.492852 -49.459712 -2.711562
VERTEX2 123 20.403282 -49.843922 -2.751670
VERTEX2 124 19.424624 -50.137600 -2.775336
VERTEX2 125 18.424219 -50.472598 -2.814718
VERTEX2 126 17.333376 -50.723360 -2.848980
VERTEX2 127 16.188435 -50.987573 -2.859474
VERTEX2 128 16.150214 -51.034416 2.774819
VERTEX2 129 16.167405 -51.068062 2.109424
VERTEX2 130 16.089502 -50.688858 2.695130
VERTEX2 131 15.982641 -50.754879 -3.072390
VERTEX2 132 15.999507 -50.750054 -2.553160
VERTEX2 133 15.992195 -50.903820 -2.066507
VERTEX2 134 15.832386 -51.471325 -1.802266
VERTEX2 135 15.405456 -52.104880 -2.285996
VERTEX2 136 14.781060 -52.520514 -2.775315
VERTEX2 137 13.791840 -52.822041 -2.829657
VERTEX2 138 12.761070 -53.100652 -2.872518
VERTEX2 139 11.693490 -53.378296 -2.900971
VERTEX2 140 10.599741 -53.683762 -2.867162
VERTEX2 141 9.665815 -53.970688 -2.898514
VERTEX2 142 8.645049 -54.235902 -2.765542
VERTEX2 143 7.785350 -54.606957 -2.795521
VERTEX2 144 6.826513 -54.997322 -2.821555
VERTEX2 145 5.834286 -55.204012 -2.869487
VERTEX2 146 4.756893 -55.460505 -2.700736
VERTEX2 147 4.066131 -55.912177 -2.916603
VERTEX2 148 3.080462 -55.936586 -3.063989
VERTEX2 149 1.890546 -55.896695 2.995809
VERTEX2 150 1.016470 -55.391388 2.601001
VERTEX2 151 0.015376 -54.940734 2.933865
VERTEX2 152 -1.063878 -54.985608 -2.955187
VERTEX2 153 -2.153494 -55.222194 -2.821403
VERTEX2 154 -3.194127 -55.527837 -2.838283
VERTEX2 155 -4.317544 -55.767247 -2.853126
VERTEX2 156 -5.382061 -56.211125 -2.758207
VERTEX2 157 -6.263237 -56.587050 -2.759432
VERTEX2 158 -7.343751 -56.971626 -2.785844
VERTEX2 159 -8.307123 -57.358488 -2.838371
VERTEX2 160 -9.250689 -57.547279 -2.846990
VERTEX2 161 -10.254520 -57.794398 -2.872479
VERTEX2 162 -11.276054 -58.063423 -3.021660
VERTEX2 163 -11.835539 -58.027444 2.670329
VERTEX2 164 -12.194630 -57.711566 2.061700
VERTEX2 165 -12.499979 -56.709034 1.878335
VERTEX2 166 -12.785593 -55.784677 1.865888
VERTEX2 167 -13.003253 -54.684468 1.841270
VERTEX2 168 -13.273789 -53.796647 1.824587
VERTEX2 169 -13.536941 -52.815377 1.855737
VERTEX2 170 -13.841870 -51.828197 1.834979
VERTEX2 171 -14.123021 -50.633410 1.791524
VERTEX2 172 -14.360512 -49.667636 1.797597
VERTEX2 173 -14.669303 -48.574262 1.870169
VERTEX2 174 -15.018924 -47.630526 2.302147
VERTEX2 175 -15.553998 -47.348254 2.882151
VERTEX2 176 -16.745220 -47.337385 -2.919785
VERTEX2 177 -17.721507 -47.535555 -2.868577
VERTEX2 178 -18.730949 -47.862912 -2.845349
VERTEX2 179 -19.735254 -48.099349 -2.844935
VERTEX2 180 -20.855164 -48.481322 -2.853469
VERTEX2 181 -22.026535 -48.878493 -2.861011
VERTEX2 182 -23.092013 -49.188546 -2.795976
VERTEX2 183 -24.099955 -49.528785 -2.773702
VERTEX2 184 -25.048721 -49.789481 -2.783216
VERTEX2 185 -26.055363 -50.127794 -2.792660
VERTEX2 186 -27.186338 -50.541496 -2.797316
VERTEX2 187 -28.209293 -50.846528 -2.807702
VERTEX2 188 -29.297332 -51.164863 -2.818369
VERTEX2 189 -30.386741 -51.540572 -2.845861
VERTEX2 190 -31.495528 -51.888010 -2.852081
VERTEX2 191 -32.541539 -52.095374 -2.872906
VERTEX2 192 -33.622688 -52.380996 -2.829846
VERTEX2 193 -34.557039 -52.711533 -2.845908
VERTEX2 194 -35.472800 -52.981530 -2.860645
VERTEX2 195 -36.417938 -53.275704 -2.875574
VERTEX2 196 -37.419389 -53.575711 -2.886566
VERTEX2 197 -38.589294 -53.787176 -3.027585
VERTEX2 198 -39.728524 -53.839826 -2.984433
VERTEX2 199 -40.825682 -54.208842 -2.838286
VERTEX2 200 -41.874836 -54.481910 -2.811836
VERTEX2 201 -42.829134 -54.708449 -2.809857
VERTEX2 202 -43.811986 -54.986384 -2.815980
VERTEX2 203 -44.662164 -55.309274 -2.824075
VERTEX2 204 -45.840173 -55.568451 -2.853925
VERTEX2 205 -47.056529 -55.885263 -2.856867
VERTEX2 206 -47.950783 -56.139023 -2.865900
VERTEX2 207 -49.058728 -56.415536 -2.920628
VERTEX2 208 -50.065981 -56.535160 -2.946878
VERTEX2 209 -51.210229 -56.717534 -2.961929
VERTEX2 210 -52.299182 -56.956183 -2.977034
VERTEX2 211 -53.444712 -57.136053 -2.817289
VERTEX2 212 -54.497455 -57.528783 -2.823305
VERTEX2 213 -55.590814 -57.901049 -2.844889
VERTEX2 214 -56.598647 -58.124950 -2.920992
VERTEX2 215 -57.641972 -58.380614 -2.917396
VERTEX2 216 -58.645819 -58.604480 -2.964229
VERTEX2 217 -59.747160 -58.892478 -2.916627
VERTEX2 218 -60.796508 -59.001085 -2.938724
VERTEX2 219 -61.849414 -59.257590 -2.851686
VERTEX2 220 -62.950748 -59.521447 -2.796376
VERTEX2 221 -64.083350 -59.839055 -2.806865
VERTEX2 222 -65.140193 -60.164452 -2.814055
VERTEX2 223 -66.184464 -60.534842 -2.911880
VERTEX2 224 -67.237302 -60.684503 -2.927984
VERTEX2 225 -68.225498 -60.818688 -2.919470
VERTEX2 226 -69.357122 -61.063118 -2.905971
VERTEX2 227 -70.299440 -61.325921 -2.745101
VERTEX2 228 -70.790886 -61.653650 -2.238237
VERTEX2 229 -71.131143 -62.117773 -1.634401
VERTEX2 230 -71.065283 -63.205377 -1.333323
VERTEX2 231 -70.998665 -64.255091 -1.316285
VERTEX2 232 -70.721976 -65.289205 -1.301794
VERTEX2 233 -70.515124 -66.220646 -1.274295
VERTEX2 234 -70.234954 -67.284594 -1.289044
VERTEX2 235 -69.878178 -68.299236 -1.268940
VERTEX2 236 -69.606727 -69.352210 -1.233475
VERTEX2 237 -69.347937 -70.336372 -1.249105
VERTEX2 238 -69.121069 -71.346886 -1.226283
VERTEX2 239 -68.841309 -72.406592 -1.263046
VERTEX2 240 -68.606205 -73.474217 -1.294494
VERTEX2 241 -68.355459 -74.596213 -1.291691
VERTEX2 242 -68.038471 -75.689552 -1.283756
VERTEX2 243 -67.821668 -76.610779 -1.153053
VERTEX2 244 -67.433754 -77.118924 -0.543026
VERTEX2 245 -66.830584 -77.327144 0.041847
VERTEX2 246 -65.761457 -77.324774 0.028550
VERTEX2 247 -64.723742 -77.143462 0.232234
VERTEX2 248 -63.684560 -76.923020 0.280020
VERTEX2 249 -62.701744 -76.657904 0.314743
VERTEX2 250 -61.565039 -76.258973 0.326626
VERTEX2 251 -60.561923 -75.935818 0.321594
VERTEX2 252 -59.539253 -75.652853 0.327023
VERTEX2 253 -58.494777 -75.331023 0.312806
VERTEX2 254 -57.496093 -75.051482 0.240034
VERTEX2 255 -56.505694 -74.887113 0.205210
VERTEX2 256 -55.430974 -74.656151 0.172897
VERTEX2 257 -54.340802 -74.418258 0.166286
VERTEX2 258 -53.221089 -74.234015 0.171115
VERTEX2 259 -52.098294 -74.083722 0.178937
VERTEX2 260 -51.006327 -73.910298 0.183623
VERTEX2 261 -49.959604 -73.732055 0.202207
VERTEX2 262 -48.938584 -73.479027 0.230777
VERTEX2 263 -47.894684 -73.229898 0.243532
VERTEX2 264 -46.787894 -72.974227 0.241713
VERTEX2 265 -45.731104 -72.695732 0.215528
VERTEX2 266 -44.513513 -72.374785 0.196031
VERTEX2 267 -43.566280 -72.224871 0.219884
VERTEX2 268 -42.440445 -72.015631 0.232328
VERTEX2 269 -41.382079 -71.824369 0.201525
VERTEX2 270 -40.295572 -71.529974 0.209240
VERTEX2 271 -39.231567 -71.311401 0.223604
VERTEX2 272 -38.149046 -71.039557 0.244408
VERTEX2 273 -37.097962 -70.857044 0.250587
VERTEX2 274 -35.965391 -70.569979 0.255983
VERTEX2 275 -34.839719 -70.388848 0.150469
VERTEX2 276 -33.697146 -70.286672 0.169535
VERTEX2 277 -32.559602 -70.111882 0.170801
VERTEX2 278 -31.463958 -69.925777 0.192641
VERTEX2 279 -30.410324 -69.719843 0.239432
VERTEX2 280 -29.382831 -69.477944 0.273413
VERTEX2 281 -28.309068 -69.096219 0.306172
VERTEX2 282 -27.357965 -68.851042 0.306112
VERTEX2 283 -26.296107 -68.593551 0.312731
VERTEX2 284 -25.164290 -68.270192 0.270328
VERTEX2 285 -24.112405 -68.028145 0.266985
VERTEX2 286 -23.102599 -67.804929 0.280495
VERTEX2 287 -22.050913 -67.573333 0.247837
VERTEX2 288 -21.002390 -67.217840 0.271110
VERTEX2 289 -19.887187 -66.827350 0.297729
VERTEX2 290 -18.791663 -66.504102 0.321893
VERTEX2 291 -17.793220 -66.199801 0.346693
VERTEX2 292 -16.818649 -65.798006 0.359026
VERTEX2 293 -15.777252 -65.444128 0.242828
VERTEX2 294 -14.751679 -65.248115 0.266346
VERTEX2 295 -13.697321 -64.954706 0.327047
VERTEX2 296 -12.682665 -64.458291 0.585299
VERTEX2 297 -12.350531 -64.019553 1.204511
VERTEX2 298 -12.307365 -63.501044 1.734248
VERTEX2 299 -12.767132 -62.226472 2.038537
VERTEX2 300 -13.107059 -61.264499 2.026086
VERTEX2 301 -13.455645 -60.253312 1.934507
VERTEX2 302 -13.826390 -59.213417 1.899089
VERTEX2 303 -14.195723 -58.291045 1.889085
VERTEX2 304 -14.384925 -57.420633 1.870683
VERTEX2 305 -14.743250 -56.342969 1.874592
VERTEX2 306 -15.050991 -55.380521 1.904069
VERTEX2 307 -15.321971 -54.326206 1.877283
VERTEX2 308 -15.641208 -53.235931 1.852019
VERTEX2 309 -15.900098 -52.241939 1.869238
VERTEX2 310 -16.218969 -51.189182 1.836397
VERTEX2 311 -16.569162 -50.267910 1.914266
VERTEX2 312 -16.939306 -49.260797 2.117135
VERTEX2 313 -17.247160 -48.909631 2.737219
VERTEX2 314 -18.045510 -48.794033 -3.069096
VERTEX2 315 -19.010128 -48.861748 -2.739084
VERTEX2 316 -19.966724 -49.311821 -2.771330
VERTEX2 317 -20.954526 -49.658232 -2.777384
VERTEX2 318 -21.960740 -50.030088 -2.782633
VERTEX2 319 -22.914312 -50.390089 -2.791163
VERTEX2 320 -23.949308 -50.767074 -2.785230
VERTEX2 321 -24.968616 -51.016281 -2.809777
VERTEX2 322 -25.857685 -51.249006 -2.840584
VERTEX2 323 -26.811996 -51.573479 -2.855088
VERTEX2 324 -27.734998 -51.903940 -2.793065
VERTEX2 325 -28.669162 -52.291260 -2.827645
VERTEX2 326 -29.606613 -52.581147 -2.829850
VERTEX2 327 -30.636488 -52.940678 -2.836468
VERTEX2 328 -31.685042 -53.281576 -2.791907
VERTEX2 329 -32.683471 -53.623201 -2.751609
VERTEX2 330 -33.647676 -53.995110 -2.802525
VERTEX2 331 -34.763515 -54.419046 -2.824483
VERTEX2 332 -35.744629 -54.758219 -2.827822
VERTEX2 333 -36.625337 -55.035796 -2.815258
VERTEX2 334 -37.645755 -55.379659 -2.813822
VERTEX2 335 -38.601433 -55.764130 -2.824954
VERTEX2 336 -39.592643 -56.059759 -2.840291
VERTEX2 337 -40.568189 -56.446263 -2.738817
VERTEX2 338 -41.605547 -56.799473 -2.780067
VERTEX2 339 -42.565839 -57.082565 -2.778245
VERTEX2 340 -43.740740 -57.361379 -2.787918
VERTEX2 341 -44.643424 -57.591320 -2.805531
VERTEX2 342 -45.671401 -57.941805 -2.811499
VERTEX2 343 -46.615148 -58.211402 -2.780536
VERTEX2 344 -47.542416 -58.477735 -2.773363
VERTEX2 345 -48.717285 -58.880747 -2.796343
VERTEX2 346 -49.797117 -59.238327 -2.812705
VERTEX2 347 -50.654067 -59.557317 -2.686396
VERTEX2 348 -51.464402 -59.897886 -2.666487
VERTEX2 349 -52.467840 -60.294421 -2.747878
VERTEX2 350 -53.501070 -60.774773 -2.757943
VERTEX2 351 -54.520158 -61.121251 -2.761028
VERTEX2 352 -55.357342 -61.407430 -2.806216
VERTEX2 353 -56.404943 -61.748541 -2.812735
VERTEX2 354 -57.367798 -62.069701 -2.824076
VERTEX2 355 -58.418551 -62.342374 -2.826832
VERTEX2 356 -59.421110 -62.757961 -2.846309
VERTEX2 357 -60.311076 -63.105122 -2.862816
VERTEX2 358 -61.285948 -63.381475 -2.820296
VERTEX2 359 -62.349723 -63.819694 -2.701418
VERTEX2 360 -63.347127 -64.138640 -2.788849
VERTEX2 361 -64.290573 -64.489736 -2.789909
VERTEX2 362 -65.373587 -64.783572 -2.789702
VERTEX2 363 -66.363595 -65.093395 -2.804221
VERTEX2 364 -67.461166 -65.429777 -2.815342
VERTEX2 365 -68.477978 -65.761979 -2.847690
VERTEX2 366 -69.477031 -66.081591 -2.881290
VERTEX2 367 -70.466928 -66.302183 -2.882588
VERTEX2 368 -71.401807 -66.538565 -2.888061
VERTEX2 369 -72.396438 -66.721685 -2.900583
VERTEX2 370 -73.354350 -66.974283 -2.907596
VERTEX2 371 -74.366864 -67.299699 -2.899617
VERTEX2 372 -75.394338 -67.581346 -2.906070
VERTEX2 373 -76.289324 -67.780432 -2.878256
VERTEX2 374 -77.319981 -67.997089 -2.902894
VERTEX2 375 -78.354677 -68.264954 -2.858804
VERTEX2 376 -79.463513 -68.560297 -2.859194
VERTEX2 377 -80.309924 -68.865896 -2.869112
VERTEX2 378 -81.376150 -69.196455 -2.868809
VERTEX2 379 -82.431554 -69.430631 -2.868779
VERTEX2 380 -83.363386 -69.702588 -2.868053
VERTEX2 381 -84.394886 -70.028866 -2.845347
VERTEX2 382 -85.363300 -70.243487 -2.839324
VERTEX2 383 -86.263817 -70.464716 -2.842727
VERTEX2 384 -87.256148 -70.813633 -2.841378
VERTEX2 385 -88.209188 -71.074882 -2.858859
VERTEX2 386 -89.280059 -71.316665 -2.863231
VERTEX2 387 -90.279482 -71.611132 -2.858954
VERTEX2 388 -91.316182 -71.831996 -2.860275
VERTEX2 389 -92.299913 -72.132681 -2.864060
VERTEX2 390 -93.322668 -72.430282 -2.859610
VERTEX2 391 -94.551864 -72.746774 -2.828931
VERTEX2 392 -95.494485 -73.022126 -2.833226
VERTEX2 393 -96.471659 -73.323917 -2.838208
VERTEX2 394 -97.587670 -73.703045 -2.834397
VERTEX2 395 -98.506850 -74.007872 -2.816562
VERTEX2 396 -99.464495 -74.360131 -2.810470
VERTEX2 397 -100.401307 -74.643576 -2.808508
VERTEX2 398 -101.475441 -74.916531 -2.819985
VERTEX2 399 -102.449168 -75.150800 -2.841903
VERTEX2 400 -103.393805 -75.423058 -2.761160
VERTEX2 401 -104.306436 -75.775338 -2.738045
VERTEX2 402 -105.269967 -76.239515 -2.656362
VERTEX2 403 -106.207714 -76.754555 -2.672241
VERTEX2 404 -107.185927 -77.158800 -2.765370
VERTEX2 405 -108.334604 -77.504302 -2.829966
VERTEX2 406 -109.165292 -77.767718 -2.826012
VERTEX2 407 -110.133838 -78.001368 -2.817600
VERTEX2 408 -111.152102 -78.342920 -2.819934
VERTEX2 409 -112.096928 -78.625696 -2.828763
VERTEX2 410 -113.073267 -78.893445 -2.853484
VERTEX2 411 -113.935820 -79.042937 -2.956660
VERTEX2 412 -114.955614 -79.291628 -2.777161
VERTEX2 413 -115.954776 -79.545771 -2.775916
VERTEX2 414 -116.840698 -79.864052 -2.783121
VERTEX2 415 -117.735615 -80.200549 -2.791338
VERTEX2 416 -118.785184 -80.516079 -2.789667
VERTEX2 417 -119.799362 -80.866113 -2.783250
VERTEX2 418 -120.853026 -81.160604 -2.793145
VERTEX2 419 -121.806709 -81.477627 -2.676826
VERTEX2 420 -122.404192 -81.979328 -2.160181
VERTEX2 421 -122.525921 -82.393581 -1.505018
VERTEX2 422 -122.100500 -83.335251 -1.092563
VERTEX2 423 -121.634188 -84.272987 -1.075451
VERTEX2 424 -121.238665 -85.155201 -1.066227
VERTEX2 425 -120.769919 -86.116573 -1.134072
VERTEX2 426 -120.277623 -87.014785 -1.143347
VERTEX2 427 -119.860612 -88.046759 -1.207475
VERTEX2 428 -119.488261 -89.036845 -1.201393
VERTEX2 429 -119.141321 -89.999387 -1.187910
VERTEX2 430 -118.690631 -90.972973 -1.183429
VERTEX2 431 -118.305911 -91.898478 -1.148986
VERTEX2 432 -117.812862 -92.937662 -1.188610
VERTEX2 433 -117.486094 -93.909582 -1.283120
VERTEX2 434 -117.251104 -94.949995 -1.271953
VERTEX2 435 -117.010378 -95.978696 -1.261249
VERTEX2 436 -116.659865 -97.050539 -1.238549
VERTEX2 437 -116.530348 -97.519240 -0.636845
VERTEX2 438 -116.271485 -97.609004 -0.140884
VERTEX2 439 -116.033700 -97.619534 0.333524
VERTEX2 440 -114.970547 -97.345580 0.316875
VERTEX2 441 -113.982889 -97.077404 0.314081
VERTEX2 442 -113.010190 -96.863703 0.307977
VERTEX2 443 -111.828566 -96.571635 0.305587
VERTEX2 444 -110.740313 -96.257205 0.299786
VERTEX2 445 -109.912121 -95.988505 0.294562
VERTEX2 446 -108.763914 -95.775156 0.269697
VERTEX2 447 -107.778337 -95.659582 0.147659
VERTEX2 448 -106.702039 -95.491727 0.056783
VERTEX2 449 -105.625273 -95.274742 0.201571
VERTEX2 450 -104.613708 -94.852696 0.282592
VERTEX2 451 -103.630140 -94.552234 0.307289
VERTEX2 452 -102.609098 -94.194334 0.299115
VERTEX2 453 -101.533016 -93.850159 0.295830
VERTEX2 454 -100.654150 -93.657524 0.292570
VERTEX2 455 -99.654429 -93.302190 0.292456
VERTEX2 456 -98.656555 -93.116380 0.288344
VERTEX2 457 -97.560024 -92.852199 0.272574
VERTEX2 458 -96.474108 -92.517907 0.281438
VERTEX2 459 -95.554421 -92.261763 0.262333
VERTEX2 460 -94.524320 -92.052250 0.251707
VERTEX2 461 -93.520459 -91.823818 0.253978
VERTEX2 462 -92.504607 -91.463767 0.249691
VERTEX2 463 -91.552805 -91.298112 0.265374
VERTEX2 464 -90.489136 -91.082643 0.295261
VERTEX2 465 -89.461634 -90.783796 0.273007
VERTEX2 466 -88.352773 -90.523144 0.335303
VERTEX2 467 -87.383756 -90.155482 0.319717
VERTEX2 468 -86.348674 -89.949180 0.304350
VERTEX2 469 -85.405215 -89.692956 0.305295
VERTEX2 470 -84.403289 -89.417853 0.275600
VERTEX2 471 -83.287523 -89.090927 0.261866
VERTEX2 472 -82.245317 -88.788002 0.240111
VERTEX2 473 -81.091911 -88.584699 0.212399
VERTEX2 474 -79.954916 -88.296884 0.223371
VERTEX2 475 -78.902878 -88.010047 0.276296
VERTEX2 476 -77.878425 -87.714523 0.260738
VERTEX2 477 -76.839364 -87.469304 0.262543
VERTEX2 478 -75.781851 -87.190568 0.246004
VERTEX2 479 -74.810395 -87.009223 0.239643
VERTEX2 480 -73.772177 -86.819963 0.229672
VERTEX2 481 -72.660271 -86.556892 0.254016
VERTEX2 482 -71.600055 -86.271103 0.338287
VERTEX2 483 -70.554695 -85.956794 0.312668
VERTEX2 484 -69.517694 -85.634982 0.283189
VERTEX2 485 -68.445508 -85.370957 0.263992
VERTEX2 486 -67.258261 -85.124540 0.254417
VERTEX2 487 -66.254665 -84.914176 0.227185
VERTEX2 488 -65.295153 -84.639537 0.446126
VERTEX2 489 -64.416513 -84.086980 0.837882
VERTEX2 490 -63.947808 -83.311818 1.332931
VERTEX2 491 -63.967622 -82.382716 1.760926
VERTEX2 492 -64.351218 -81.343636 2.149314
VERTEX2 493 -64.812628 -80.387914 2.063290
VERTEX2 494 -65.237382 -79.315906 1.916126
VERTEX2 495 -65.539808 -78.280680 1.873054
VERTEX2 496 -65.887575 -77.202503 1.842686
VERTEX2 497 -66.179205 -76.115875 1.876578
VERTEX2 498 -66.351393 -74.966689 1.846495
VERTEX2 499 -66.611589 -73.997576 1.805227
VERTEX2 500 -66.760863 -72.926542 1.771933
VERTEX2 501 -67.003874 -71.914743 1.756479
VERTEX2 502 -67.074995 -70.982801 1.765324
VERTEX2 503 -67.352203 -69.968426 1.883117
VERTEX2 504 -67.684963 -69.023235 2.158900
VERTEX2 505 -68.233412 -68.638537 2.685893
VERTEX2 506 -68.755230 -68.512729 -3.067849
VERTEX2 507 -69.808973 -68.585665 -3.038018
VERTEX2 508 -70.867326 -68.652298 -2.872126
VERTEX2 509 -71.856746 -68.917940 -2.869189
VERTEX2 510 -72.959057 -69.140685 -2.849472
VERTEX2 511 -74.011049 -69.340544 -2.832776
VERTEX2 512 -74.998957 -69.689818 -2.847269
VERTEX2 513 -76.016406 -69.972757 -2.821392
VERTEX2 514 -76.921881 -70.268314 -2.801662
VERTEX2 515 -77.989918 -70.713739 -2.778695
VERTEX2 516 -78.842617 -70.983022 -2.706869
VERTEX2 517 -79.902111 -71.387415 -3.135365
VERTEX2 518 -80.969278 -71.339046 -2.990904
VERTEX2 519 -81.996331 -71.514366 -2.992369
VERTEX2 520 -83.002764 -71.607539 -2.989518
VERTEX2 521 -83.963072 -71.755488 -2.971855
VERTEX2 522 -85.051528 -71.911363 -2.962141
VERTEX2 523 -86.187892 -72.162016 -2.970519
VERTEX2 524 -87.084952 -72.409509 -2.898577
VERTEX2 525 -88.025612 -72.616575 -2.888932
VERTEX2 526 -88.991999 -72.812411 -2.865426
VERTEX2 527 -89.966629 -73.156086 -2.830986
VERTEX2 528 -90.929668 -73.542939 -2.847589
VERTEX2 529 -91.985701 -73.773976 -2.924275
VERTEX2 530 -92.956889 -73.969245 -2.903332
VERTEX2 531 -93.906909 -74.114183 -2.909689
VERTEX2 532 -94.948700 -74.329242 -2.899005
VERTEX2 533 -95.950209 -74.599380 -2.888248
VERTEX2 534 -97.025433 -74.875535 -2.880659
VERTEX2 535 -98.111343 -75.122055 -2.878848
VERTEX2 536 -99.108147 -75.327683 -2.969054
VERTEX2 537 -100.073240 -75.402257 3.078750
VERTEX2 538 -101.129847 -75.284034 2.737425
VERTEX2 539 -101.952366 -74.625707 2.384641
VERTEX2 540 -102.604433 -73.813172 2.012275
VERTEX2 541 -103.029329 -72.818571 1.920817
VERTEX2 542 -103.401930 -71.693815 1.902164
VERTEX2 543 -103.710438 -70.660711 1.878746
VERTEX2 544 -103.908848 -69.524102 1.849152
VERTEX2 545 -104.176412 -68.612237 1.968753
VERTEX2 546 -104.429854 -67.588531 1.860674
VERTEX2 547 -104.666129 -66.615013 1.890992
VERTEX2 548 -104.882911 -65.476500 1.878909
VERTEX2 549 -105.185364 -64.508857 1.855687
VERTEX2 550 -105.428166 -63.577221 1.879636
VERTEX2 551 -105.744978 -62.524033 1.857817
VERTEX2 552 -106.048992 -61.528199 1.834538
VERTEX2 553 -106.314721 -60.533577 1.803126
VERTEX2 554 -106.552545 -59.506438 1.675303
VERTEX2 555 -106.397934 -58.902067 1.148807
VERTEX2 556 -105.596407 -58.372950 0.756911
VERTEX2 557 -105.110043 -57.799544 1.433081
VERTEX2 558 -105.177069 -56.906768 1.898152
VERTEX2 559 -105.568282 -55.970256 1.940126
VERTEX2 560 -105.865081 -54.983479 1.934070
VERTEX2 561 -106.233284 -53.937320 1.887215
VERTEX2 562 -106.487323 -52.974296 1.875360
VERTEX2 563 -106.743953 -51.865478 1.862810
VERTEX2 564 -107.003911 -50.868726 1.872531
VERTEX2 565 -107.309615 -49.926669 1.908013
VERTEX2 566 -107.600218 -48.963449 1.894498
VERTEX2 567 -107.788954 -48.044644 1.873391
VERTEX2 568 -108.081633 -46.951901 1.843183
VERTEX2 569 -108.319113 -45.898072 1.902168
VERTEX2 570 -108.630981 -44.856381 1.889333
VERTEX2 571 -108.974921 -43.866933 1.880496
VERTEX2 572 -109.314267 -42.947803 1.895430
VERTEX2 573 -109.701262 -41.899061 1.882194
VERTEX2 574 -110.079134 -40.947382 1.885853
VERTEX2 575 -110.346825 -39.937017 1.863635
VERTEX2 576 -110.633357 -38.953478 1.838944
VERTEX2 577 -110.836683 -37.985728 1.848779
VERTEX2 578 -111.148772 -37.051086 1.901337
VERTEX2 579 -111.404324 -36.002684 1.726155
VERTEX2 580 -111.319936 -35.559247 1.166188
VERTEX2 581 -111.077026 -35.143342 0.520643
VERTEX2 582 -110.052920 -34.599052 0.460843
VERTEX2 583 -109.084563 -34.220492 0.444239
VERTEX2 584 -108.294499 -33.787602 0.458626
VERTEX2 585 -107.711043 -33.497807 1.120686
VERTEX2 586 -107.664564 -33.201528 1.680261
VERTEX2 587 -107.970290 -32.538280 2.104497
VERTEX2 588 -108.475139 -31.618843 1.984801
VERTEX2 589 -108.898674 -30.589889 1.871449
VERTEX2 590 -109.108419 -29.685800 1.839961
VERTEX2 591 -109.468562 -28.850533 2.532727
VERTEX2 592 -109.762195 -28.735937 3.127220
VERTEX2 593 -110.222247 -28.820095 -2.558082
VERTEX2 594 -110.510896 -28.995300 -2.000138
VERTEX2 595 -110.841526 -29.887642 -2.084611
VERTEX2 596 -111.122638 -30.181460 -2.788179
VERTEX2 597 -111.568507 -30.148903 2.996387
VERTEX2 598 -111.651673 -30.001401 2.472655
VERTEX2 599 -111.815031 -29.862034 1.947609
VERTEX2 600 -111.854984 -29.647703 1.430593
VERTEX2 601 -111.832530 -29.528429 0.923593
VERTEX2 602 -110.965531 -28.912671 0.485813
VERTEX2 603 -110.028603 -28.389575 0.435080
VERTEX2 604 -109.166882 -27.973504 0.400372
VERTEX2 605 -108.140426 -27.478618 0.381822
VERTEX2 606 -107.108782 -27.166123 0.359235
VERTEX2 607 -106.037706 -26.857676 0.312218
VERTEX2 608 -105.102787 -26.594767 0.278640
VERTEX2 609 -103.982409 -26.444375 0.240721
VERTEX2 610 -103.125598 -26.211697 0.318973
VERTEX2 611 -102.163147 -26.015194 0.288089
VERTEX2 612 -101.087298 -25.701239 0.338070
VERTEX2 613 -100.101429 -25.404698 0.327750
VERTEX2 614 -99.104659 -25.168220 0.285805
VERTEX2 615 -98.124757 -24.843206 0.381403
VERTEX2 616 -97.046619 -24.473080 0.345336
VERTEX2 617 -96.157123 -24.166004 0.329151
VERTEX2 618 -95.106203 -23.862626 0.308324
VERTEX2 619 -94.275751 -23.611608 0.307317
VERTEX2 620 -93.259952 -23.354988 0.274329
VERTEX2 621 -92.135857 -23.069997 0.231365
VERTEX2 622 -91.081499 -22.821736 0.200989
VERTEX2 623 -90.126321 -22.412047 0.631742
VERTEX2 624 -89.228267 -21.897857 0.604240
VERTEX2 625 -88.304561 -21.325576 0.599738
VERTEX2 626 -87.410055 -20.746368 0.569630
VERTEX2 627 -86.489654 -20.131088 0.548060
VERTEX2 628 -85.505729 -19.557210 0.525367
VERTEX2 629 -84.633418 -19.185174 0.515931
VERTEX2 630 -83.678141 -18.643114 0.509814
VERTEX2 631 -82.701141 -18.225433 0.361358
VERTEX2 632 -81.665417 -17.854734 0.352621
VERTEX2 633 -80.656813 -17.536604 0.323348
VERTEX2 634 -79.755351 -17.292909 0.373979
VERTEX2 635 -78.790119 -16.945118 0.363213
VERTEX2 636 -77.839006 -16.567066 0.445756
VERTEX2 637 -76.852276 -16.105896 0.463497
VERTEX2 638 -75.803326 -15.653064 0.435638
VERTEX2 639 -74.753014 -15.237590 0.421462
VERTEX2 640 -73.775488 -14.802358 0.382056
VERTEX2 641 -72.759074 -14.452834 0.359852
VERTEX2 642 -71.967813 -14.239521 0.315512
VERTEX2 643 -70.902478 -13.956313 0.396024
VERTEX2 644 -70.003909 -13.573342 0.392040
VERTEX2 645 -69.045851 -13.294735 0.374075
VERTEX2 646 -68.016651 -12.924330 0.431343
VERTEX2 647 -67.188457 -12.515408 0.407105
VERTEX2 648 -66.296011 -12.055641 0.379763
VERTEX2 649 -65.261689 -11.711285 0.435254
VERTEX2 650 -64.350136 -11.270179 0.475965
VERTEX2 651 -63.398817 -10.917403 0.463267
VERTEX2 652 -62.529620 -10.386244 0.453433
VERTEX2 653 -61.554106 -9.999061 0.440119
VERTEX2 654 -60.579618 -9.587226 0.426824
VERTEX2 655 -59.680856 -9.182081 0.491746
VERTEX2 656 -58.686904 -8.793215 0.487355
VERTEX2 657 -57.800438 -8.393581 0.460693
VERTEX2 658 -56.683020 -7.843101 0.443449
VERTEX2 659 -55.750795 -7.446201 0.417142
VERTEX2 660 -54.825190 -7.068476 0.414108
VERTEX2 661 -53.884711 -6.707555 0.408105
VERTEX2 662 -52.897798 -6.316469 0.397160
VERTEX2 663 -51.796771 -5.901225 0.439595
VERTEX2 664 -50.866984 -5.548376 0.373425
VERTEX2 665 -49.923106 -5.182480 0.470981
VERTEX2 666 -49.050733 -4.858071 0.473040
VERTEX2 667 -47.970537 -4.227156 0.457692
VERTEX2 668 -46.996670 -3.804165 0.451184
VERTEX2 669 -46.174304 -3.395310 0.450266
VERTEX2 670 -45.310984 -3.097879 0.431272
VERTEX2 671 -44.315055 -2.662630 0.411587
VERTEX2 672 -43.327833 -2.272489 0.283900
VERTEX2 673 -42.811669 -2.224422 0.613759
VERTEX2 674 -41.817559 -1.518084 0.684466
VERTEX2 675 -41.065164 -0.923368 0.521682
VERTEX2 676 -40.070200 -0.456129 0.501458
VERTEX2 677 -39.141200 -0.047370 0.553041
VERTEX2 678 -38.118484 0.571249 0.548286
VERTEX2 679 -37.355088 1.136513 0.584394
VERTEX2 680 -36.515583 1.724321 0.578423
VERTEX2 681 -35.680713 2.224792 0.411873
VERTEX2 682 -34.673200 2.711955 0.422368
VERTEX2 683 -33.645753 3.152159 0.409265
VERTEX2 684 -32.778581 3.456995 0.427245
VERTEX2 685 -31.757561 4.010273 0.485273
VERTEX2 686 -30.846757 4.482206 0.483396
VERTEX2 687 -29.872637 4.926649 0.470360
VERTEX2 688 -28.853373 5.317735 0.456389
VERTEX2 689 -27.971623 5.832271 0.528129
VERTEX2 690 -26.971383 6.225382 0.510023
VERTEX2 691 -26.126650 6.727704 0.569899
VERTEX2 692 -25.257615 7.297352 0.577179
VERTEX2 693 -24.441648 7.778022 0.563690
VERTEX2 694 -23.550347 8.308159 0.524783
VERTEX2 695 -22.552085 8.758487 0.293424
VERTEX2 696 -22.189434 8.687772 -0.212522
VERTEX2 697 -21.782485 8.559746 -0.777155
VERTEX2 698 -21.219945 7.637630 -1.054431
VERTEX2 699 -20.734626 6.727793 -1.097394
VERTEX2 700 -20.368218 5.749727 -1.134107
VERTEX2 701 -19.950066 4.827813 -1.168915
VERTEX2 702 -19.557526 3.834601 -1.193655
VERTEX2 703 -19.249352 2.688149 -1.208006
VERTEX2 704 -18.866008 1.754947 -1.122535
VERTEX2 705 -18.484742 0.795002 -1.056407
VERTEX2 706 -17.938993 -0.022524 -0.789348
VERTEX2 707 -17.198693 -0.759250 -0.776826
VERTEX2 708 -16.378434 -1.417847 -0.486710
VERTEX2 709 -15.421314 -1.718888 -0.088855
VERTEX2 710 -14.319095 -1.786181 -0.087073
VERTEX2 711 -13.314771 -1.770520 0.326239
VERTEX2 712 -12.458286 -1.255326 0.797255
VERTEX2 713 -11.812364 -0.501557 0.939701
VERTEX2 714 -10.927888 0.144840 0.572651
VERTEX2 715 -9.944920 0.576655 0.495011
VERTEX2 716 -8.973795 1.005967 0.485189
VERTEX2 717 -8.085445 1.462267 0.461218
VERTEX2 718 -7.217548 1.827593 0.460865
VERTEX2 719 -6.365436 2.288586 0.468044
VERTEX2 720 -5.383691 2.787576 0.476460
VERTEX2 721 -4.453776 3.286768 0.486655
VERTEX2 722 -3.491320 3.726062 0.492256
VERTEX2 723 -2.541684 4.155684 0.483398
VERTEX2 724 -1.705996 4.373351 -0.172852
VERTEX2 725 -1.447211 4.271539 -0.773921
VERTEX2 726 -0.811860 3.562916 -0.874747
VERTEX2 727 -0.283408 2.627357 -1.147143
VERTEX2 728 0.185530 1.761043 -1.159123
VERTEX2 729 0.606469 0.685242 -1.190632
VERTEX2 730 0.968776 -0.268902 -1.216110
VERTEX2 731 1.212882 -1.259252 -1.177476
VERTEX2 732 1.632965 -2.201782 -1.119937
VERTEX2 733 2.045327 -3.118735 -1.066650
VERTEX2 734 2.524432 -3.952661 -1.065459
VERTEX2 735 2.951064 -4.842543 -1.090504
VERTEX2 736 3.396455 -5.807293 -0.996971
VERTEX2 737 4.005359 -6.811348 -1.036576
VERTEX2 738 4.507774 -7.658014 -1.051568
VERTEX2 739 5.011099 -8.599866 -1.072978
VERTEX2 740 5.467110 -9.556987 -1.099400
VERTEX2 741 5.925610 -10.466247 -1.091965
VERTEX2 742 6.348505 -11.406837 -1.093282
VERTEX2 743 6.818450 -12.404328 -1.120436
VERTEX2 744 7.169369 -13.294367 -1.069367
VERTEX2 745 7.638252 -14.335852 -1.086525
VERTEX2 746 8.062189 -15.173614 -1.088559
VERTEX2 747 8.513022 -16.061276 -1.130711
VERTEX2 748 8.929249 -17.203375 -1.141100
VERTEX2 749 9.296888 -18.222661 -1.154784
VERTEX2 750 9.740918 -19.183007 -1.128882
VERTEX2 751 10.044635 -20.198984 -1.154525
VERTEX2 752 10.510465 -20.992261 -1.169729
VERTEX2 753 10.826988 -21.937892 -1.145905
VERTEX2 754 11.318861 -23.029909 -1.179778
VERTEX2 755 11.683275 -23.849937 -1.140554
VERTEX2 756 12.055945 -24.827353 -1.175322
VERTEX2 757 12.576836 -25.854005 -1.199057
VERTEX2 758 12.925771 -26.904804 -1.106526
VERTEX2 759 13.384546 -27.808906 -1.057045
VERTEX2 760 13.848898 -28.705783 -1.055641
VERTEX2 761 14.281456 -29.458175 -1.064876
VERTEX2 762 14.729941 -30.464058 -1.089387
VERTEX2 763 15.327283 -31.515181 -1.098943
VERTEX2 764 15.741869 -32.439606 -1.108561
VERTEX2 765 16.146131 -33.454788 -1.052516
VERTEX2 766 16.641985 -34.402668 -1.100241
VERTEX2 767 17.066336 -35.300430 -1.120158
VERTEX2 768 17.473492 -36.247261 -1.112094
VERTEX2 769 17.944936 -37.234178 -1.123777
VERTEX2 770 18.363571 -38.138326 -1.123265
VERTEX2 771 18.747752 -39.152808 -1.124384
VERTEX2 772 19.291662 -40.109767 -1.050114
VERTEX2 773 19.640831 -40.718428 -1.617973
VERTEX2 774 19.537131 -41.018139 -2.162860
VERTEX2 775 18.750140 -41.582134 -2.559061
VERTEX2 776 17.835831 -42.106142 -2.599522
VERTEX2 777 16.879144 -42.462374 -2.778435
VERTEX2 778 15.936466 -42.883720 -2.817129
VERTEX2 779 14.877790 -43.226130 -2.791989
VERTEX2 780 13.996095 -43.438214 -2.831797
VERTEX2 781 12.979602 -43.718964 -2.860836
VERTEX2 782 11.935909 -43.931873 -2.898337
VERTEX2 783 10.939856 -44.249941 -2.801934
VERTEX2 784 9.947140 -44.586437 -2.847040
VERTEX2 785 8.967427 -44.870618 -2.806426
VERTEX2 786 7.923985 -45.198071 -2.866464
VERTEX2 787 6.849836 -45.585675 -2.907209
VERTEX2 788 5.894695 -45.650119 2.768152
VERTEX2 789 5.688715 -45.592271 2.205952
VERTEX2 790 5.607919 -45.444992 1.611997
VERTEX2 791 5.786098 -44.706961 1.600640
VERTEX2 792 5.630210 -44.450801 2.151285
VERTEX2 793 5.461889 -44.256325 2.963387
VERTEX2 794 5.124760 -44.253473 -2.727019
VERTEX2 795 4.944484 -44.443694 -2.068051
VERTEX2 796 4.998977 -44.595563 -1.364575
VERTEX2 797 5.449370 -45.206989 -0.928455
VERTEX2 798 5.827265 -45.883001 -1.026469
VERTEX2 799 5.943369 -46.060328 -0.430101
VERTEX2 800 6.169236 -46.147640 0.250950
VERTEX2 801 7.122424 -45.743814 0.331225
VERTEX2 802 8.144669 -45.523534 0.209232
VERTEX2 803 9.130019 -45.221806 0.224335
VERTEX2 804 10.069618 -45.254480 -0.374940
VERTEX2 805 10.356856 -45.425749 -0.980225
VERTEX2 806 10.437160 -45.822298 -1.573649
VERTEX2 807 10.360942 -46.382483 -1.288699
VERTEX2 808 10.777828 -47.425253 -1.177600
VERTEX2 809 11.134366 -48.389276 -1.179777
VERTEX2 810 11.462050 -49.306445 -1.229629
VERTEX2 811 11.830209 -50.370802 -1.237418
VERTEX2 812 12.128135 -51.271544 -1.219833
VERTEX2 813 12.492008 -52.300605 -1.219328
VERTEX2 814 12.642317 -53.363986 -1.418919
VERTEX2 815 12.838250 -54.430023 -1.284315
VERTEX2 816 13.119712 -55.436655 -1.265238
VERTEX2 817 13.377569 -56.383606 -1.258136
VERTEX2 818 13.760895 -57.249105 -1.224672
VERTEX2 819 14.077886 -57.836516 -0.546752
VERTEX2 820 14.332954 -57.952482 0.150566
VERTEX2 821 15.307246 -57.799498 0.157393
VERTEX2 822 16.341858 -57.533678 0.295936
VERTEX2 823 17.271065 -57.317391 0.326615
VERTEX2 824 18.182750 -57.006414 0.323216
VERTEX2 825 19.223871 -56.788052 0.254628
VERTEX2 826 20.279076 -56.502109 0.269024
VERTEX2 827 21.257419 -56.187679 0.386444
VERTEX2 828 22.227110 -55.859091 0.419157
VERTEX2 829 23.222713 -55.285575 0.457027
VERTEX2 830 24.228600 -54.925252 0.313156
VERTEX2 831 25.200817 -54.650402 0.341220
VERTEX2 832 26.204626 -54.303954 0.344306
VERTEX2 833 27.183480 -53.960582 0.369962
VERTEX2 834 28.165407 -53.548729 0.289874
VERTEX2 835 29.190664 -53.228397 0.282363
VERTEX2 836 30.107979 -52.929679 0.307685
VERTEX2 837 31.041040 -52.551175 0.314767
VERTEX2 838 31.958542 -52.184897 0.297063
VERTEX2 839 32.908485 -51.956040 0.312139
VERTEX2 840 33.916711 -51.534564 0.754835
VERTEX2 841 34.046040 -51.277476 1.403099
VERTEX2 842 34.015555 -51.065587 2.093642
VERTEX2 843 33.575675 -50.108243 1.862024
VERTEX2 844 33.262949 -49.140277 1.853157
VERTEX2 845 33.090561 -47.987251 1.779603
VERTEX2 846 32.933591 -47.039269 1.752036
VERTEX2 847 32.835633 -45.936983 1.756328
VERTEX2 848 32.740798 -44.799405 1.757304
VERTEX2 849 32.616613 -43.877984 1.743434
VERTEX2 850 32.360095 -42.826519 1.849266
VERTEX2 851 32.021743 -41.768567 1.840338
VERTEX2 852 31.827693 -40.701953 1.847123
VERTEX2 853 31.610466 -39.692694 1.823526
VERTEX2 854 31.525194 -39.050372 2.399674
VERTEX2 855 31.222914 -38.967948 3.054561
VERTEX2 856 30.193841 -39.116811 -2.927786
VERTEX2 857 29.243233 -39.253916 -2.944297
VERTEX2 858 28.115913 -39.427968 -2.944044
VERTEX2 859 27.171272 -39.568219 -2.961479
VERTEX2 860 26.189022 -39.748217 -2.996831
VERTEX2 861 25.184917 -39.933838 -2.941597
VERTEX2 862 24.240487 -40.129709 -2.966714
VERTEX2 863 23.181214 -40.275713 -2.782117
VERTEX2 864 22.155443 -40.701105 -2.781931
VERTEX2 865 21.347872 -40.894255 2.983378
VERTEX2 866 21.234361 -40.723880 2.387985
VERTEX2 867 21.074506 -40.458459 1.785964
VERTEX2 868 20.847222 -39.472089 1.891497
VERTEX2 869 20.573175 -38.470074 1.795151
VERTEX2 870 20.270137 -37.595919 1.987924
VERTEX2 871 19.830341 -36.690614 1.926972
VERTEX2 872 19.506657 -35.648927 1.902051
VERTEX2 873 19.226346 -34.674540 1.889643
VERTEX2 874 18.858371 -33.635050 1.858227
VERTEX2 875 18.598882 -32.563017 1.860551
VERTEX2 876 18.289747 -31.474978 1.842094
VERTEX2 877 18.045627 -30.276582 1.849678
VERTEX2 878 17.911874 -29.488163 1.809213
VERTEX2 879 17.639473 -28.488843 1.779384
VERTEX2 880 17.376502 -27.574492 1.814367
VERTEX2 881 17.093783 -26.651800 1.803557
VERTEX2 882 16.768877 -25.602048 1.840457
VERTEX2 883 16.498222 -24.661964 1.820856
VERTEX2 884 16.184712 -23.671118 1.792262
VERTEX2 885 16.022827 -22.576902 1.769776
VERTEX2 886 15.730187 -21.579912 1.824583
VERTEX2 887 15.441709 -20.602338 1.929090
VERTEX2 888 15.108095 -19.603239 1.890715
VERTEX2 889 14.769923 -18.570380 1.837150
VERTEX2 890 14.548097 -17.526556 1.823625
VERTEX2 891 14.326613 -16.572367 1.790793
VERTEX2 892 13.995306 -15.407476 1.770434
VERTEX2 893 13.842391 -14.466947 1.870411
VERTEX2 894 13.508077 -13.415279 1.862701
VERTEX2 895 13.189558 -12.448695 1.854285
VERTEX2 896 12.943536 -11.453953 1.851105
VERTEX2 897 12.826828 -10.375176 1.807489
VERTEX2 898 12.466025 -9.105165 2.006027
VERTEX2 899 12.138744 -8.247482 1.967578
VERTEX2 900 11.799192 -7.322278 1.740761
VERTEX2 901 11.767240 -6.458497 1.713103
VERTEX2 902 11.617196 -6.031952 2.236776
VERTEX2 903 11.337365 -5.808904 2.765123
VERTEX2 904 11.049457 -5.732454 -2.973478
VERTEX2 905 10.710275 -5.835707 -2.458054
VERTEX2 906 10.328555 -6.328244 -1.940967
VERTEX2 907 10.215747 -6.625746 -1.386622
VERTEX2 908 10.410027 -7.229467 -0.826145
VERTEX2 909 10.691902 -7.550665 -0.288539
VERTEX2 910 11.047339 -7.657900 0.237066
VERTEX2 911 11.401544 -7.497388 0.781544
VERTEX2 912 11.624291 -7.083253 1.377170
VERTEX2 913 11.628558 -6.794081 1.908955
VERTEX2 914 11.314203 -6.391258 2.365578
VERTEX2 915 10.538520 -5.797522 2.452131
VERTEX2 916 10.037958 -5.016738 1.980252
VERTEX2 917 9.874723 -3.976920 1.603182
VERTEX2 918 9.762112 -2.924157 1.700292
VERTEX2 919 9.537763 -1.814071 1.887701
VERTEX2 920 9.260552 -0.789992 1.848260
VERTEX2 921 9.017917 0.038960 1.824955
VERTEX2 922 8.770520 1.002706 1.955158
VERTEX2 923 8.355792 1.998094 1.942264
VERTEX2 924 7.818028 2.925625 2.152752
VERTEX2 925 7.365577 3.926398 1.964424
VERTEX2 926 6.957535 4.894045 1.942004
VERTEX2 927 6.572909 5.812353 2.389206
VERTEX2 928 6.366747 6.018779 2.982606
VERTEX2 929 5.874523 5.979527 -2.817885
VERTEX2 930 4.905972 5.737518 -2.821163
VERTEX2 931 3.978530 5.442234 -2.823458
VERTEX2 932 3.059499 5.214363 -2.833339
VERTEX2 933 2.125379 4.887542 -2.847395
VERTEX2 934 1.086683 4.666774 -2.810571
VERTEX2 935 0.089157 4.309178 -2.676197
VERTEX2 936 -0.692631 3.882178 -2.704922
VERTEX2 937 -1.640625 3.511432 -2.662882
VERTEX2 938 -2.501364 3.007616 -2.640380
VERTEX2 939 -3.557662 2.404287 -2.655211
VERTEX2 940 -4.499287 1.952039 -2.670864
VERTEX2 941 -5.455754 1.454198 -2.607059
VERTEX2 942 -6.347579 0.950799 -2.603373
VERTEX2 943 -7.337974 0.525728 -2.785958
VERTEX2 944 -7.725044 0.446618 3.000490
VERTEX2 945 -8.831563 0.623225 2.891560
VERTEX2 946 -9.635375 1.111672 2.322818
VERTEX2 947 -10.202500 1.957791 2.164150
VERTEX2 948 -10.700863 2.826521 2.117414
VERTEX2 949 -11.093832 3.819091 1.995883
VERTEX2 950 -11.506849 4.827906 1.973593
VERTEX2 951 -11.954524 5.669608 2.015571
VERTEX2 952 -12.301900 6.513464 1.986005
VERTEX2 953 -12.724617 7.430392 2.015901
VERTEX2 954 -13.177916 8.316496 2.017274
VERTEX2 955 -13.687522 9.197918 2.149674
VERTEX2 956 -14.260878 10.091345 2.103036
VERTEX2 957 -14.758709 10.881951 2.082076
VERTEX2 958 -15.224537 11.816852 2.041826
VERTEX2 959 -15.685922 12.728904 1.998046
VERTEX2 960 -16.047475 13.668611 1.900640
VERTEX2 961 -16.426683 14.638792 2.026097
VERTEX2 962 -16.820505 15.621409 2.018174
VERTEX2 963 -17.249213 16.561832 1.977608
VERTEX2 964 -17.675635 17.554233 1.937436
VERTEX2 965 -18.064695 18.604608 1.569098
VERTEX2 966 -17.867612 19.600624 1.334269
VERTEX2 967 -17.580105 20.637099 1.307593
VERTEX2 968 -17.372341 21.711126 1.292724
VERTEX2 969 -17.096180 22.803929 1.179156
VERTEX2 970 -16.570328 23.640285 1.076787
VERTEX2 971 -15.928560 24.518248 0.590199
VERTEX2 972 -14.857016 24.918112 0.264754
VERTEX2 973 -13.832273 25.158291 0.242519
VERTEX2 974 -12.653131 25.379296 0.230371
VERTEX2 975 -11.632195 25.689841 0.543659
VERTEX2 976 -10.650228 26.214261 0.540982
VERTEX2 977 -9.627430 26.696872 0.512193
VERTEX2 978 -8.604595 27.257678 0.472758
VERTEX2 979 -7.695458 27.706929 0.434596
VERTEX2 980 -6.729587 28.144883 0.423763
VERTEX2 981 -5.847336 28.534149 0.399525
VERTEX2 982 -5.411524 28.767556 0.920800
VERTEX2 983 -5.229821 29.081980 1.510847
VERTEX2 984 -5.416699 30.061758 1.997364
VERTEX2 985 -5.803625 31.008944 1.827384
VERTEX2 986 -6.273948 32.539996 1.810853
VERTEX2 987 -6.605560 33.264615 2.106543
VERTEX2 988 -7.024798 34.199694 1.973091
VERTEX2 989 -7.294046 35.023475 1.955598
VERTEX2 990 -7.692316 36.084622 1.940789
VERTEX2 991 -8.089086 37.117146 1.946995
VERTEX2 992 -8.532466 38.148100 1.956177
VERTEX2 993 -8.918437 39.115103 1.946284
VERTEX2 994 -9.278693 40.097094 1.938543
VERTEX2 995 -9.639592 41.135376 1.949090
VERTEX2 996 -10.067404 42.239250 2.032140
VERTEX2 997 -10.565370 43.291580 2.006754
VERTEX2 998 -10.962801 44.237287 2.036893
VERTEX2 999 -11.454667 45.187178 2.016306
VERTEX2 1000 -11.847811 46.085056 1.966131
VERTEX2 1001 -12.331706 47.089836 1.954851
VERTEX2 1002 -12.648076 47.825923 1.942343
VERTEX2 1003 -13.008559 48.775388 1.966320
VERTEX2 1004 -13.425564 49.762603 1.945580
VERTEX2 1005 -13.780507 50.788126 1.949102
VERTEX2 1006 -14.110084 51.645687 1.919460
VERTEX2 1007 -14.527918 52.694868 2.038122
VERTEX2 1008 -15.021920 53.646588 2.037063
VERTEX2 1009 -15.400400 54.547564 2.021402
VERTEX2 1010 -15.742122 55.520356 1.717783
VERTEX2 1011 -15.953325 56.486835 1.940145
VERTEX2 1012 -16.356335 57.393700 1.985451
VERTEX2 1013 -16.765672 58.310783 1.968080
VERTEX2 1014 -17.064131 59.317438 1.970180
VERTEX2 1015 -17.529794 60.544712 1.954119
VERTEX2 1016 -17.820822 61.430267 1.954023
VERTEX2 1017 -18.180066 62.260635 1.941742
VERTEX2 1018 -18.589569 63.420748 1.944746
VERTEX2 1019 -18.948467 64.500146 1.930335
VERTEX2 1020 -19.276762 65.486368 1.950711
VERTEX2 1021 -19.619527 66.592325 1.931619
VERTEX2 1022 -19.978944 67.461043 1.927867
VERTEX2 1023 -20.316204 68.520431 1.902544
VERTEX2 1024 -20.646223 69.445223 1.892662
VERTEX2 1025 -20.962935 70.566064 1.889259
VERTEX2 1026 -21.187161 71.592070 1.794035
VERTEX2 1027 -21.623042 72.677838 2.024902
VERTEX2 1028 -21.987120 73.623739 2.042299
VERTEX2 1029 -22.423894 74.582956 2.004787
VERTEX2 1030 -22.790913 75.524710 1.992352
VERTEX2 1031 -23.191623 76.472900 1.973783
VERTEX2 1032 -23.553992 77.425574 1.964460
VERTEX2 1033 -23.929125 78.544173 1.963692
VERTEX2 1034 -24.264038 79.457993 1.985476
VERTEX2 1035 -24.660779 80.484953 1.966639
VERTEX2 1036 -25.088135 81.525625 1.962145
VERTEX2 1037 -25.434869 82.425345 1.948874
VERTEX2 1038 -25.769139 83.352200 1.927372
VERTEX2 1039 -26.121357 84.325153 1.924494
VERTEX2 1040 -26.419813 85.234626 1.906503
VERTEX2 1041 -26.756720 86.271541 1.898345
VERTEX2 1042 -26.973187 87.278571 1.894068
VERTEX2 1043 -27.240824 88.288858 1.894550
VERTEX2 1044 -27.526470 89.381912 1.897295
VERTEX2 1045 -27.864168 90.271641 1.846584
VERTEX2 1046 -28.160915 91.250847 2.043719
VERTEX2 1047 -28.626187 92.094351 2.050906
VERTEX2 1048 -29.081921 92.934070 2.026245
VERTEX2 1049 -29.542465 94.045304 1.936116
VERTEX2 1050 -30.009870 95.082392 1.928048
VERTEX2 1051 -30.310723 96.064997 1.940592
VERTEX2 1052 -30.579954 96.953159 1.935424
VERTEX2 1053 -30.887061 97.943262 1.987327
VERTEX2 1054 -31.223929 98.310803 2.653710
VERTEX2 1055 -31.659574 98.335215 -2.883936
VERTEX2 1056 -32.626689 98.002176 -2.869536
VERTEX2 1057 -33.637580 97.712524 -2.826093
VERTEX2 1058 -34.574819 97.454953 -2.839632
VERTEX2 1059 -35.049464 97.331199 2.900532
VERTEX2 1060 -35.397942 97.556540 2.208816
VERTEX2 1061 -35.870796 98.408915 2.072980
VERTEX2 1062 -36.297326 99.274043 2.068580
VERTEX2 1063 -36.683967 100.204882 2.071153
VERTEX2 1064 -37.212466 101.172889 2.164530
VERTEX2 1065 -37.625718 102.089676 1.914936
VERTEX2 1066 -37.940360 103.067945 1.985856
VERTEX2 1067 -38.323161 104.017864 1.993000
VERTEX2 1068 -38.726004 105.006767 1.996469
VERTEX2 1069 -39.086972 105.959174 2.000283
VERTEX2 1070 -39.494232 106.890603 1.788362
VERTEX2 1071 -39.319719 107.912990 1.424471
VERTEX2 1072 -39.123318 108.895817 1.405892
VERTEX2 1073 -39.108845 109.837872 1.830495
VERTEX2 1074 -39.324658 110.831941 1.828206
VERTEX2 1075 -39.682475 111.930761 2.007835
VERTEX2 1076 -40.204783 113.120336 2.025194
VERTEX2 1077 -40.688636 114.070848 2.272601
VERTEX2 1078 -41.204401 114.470795 2.776903
VERTEX2 1079 -41.800698 114.555349 -2.975282
VERTEX2 1080 -42.956086 114.113374 -2.670005
VERTEX2 1081 -43.955945 113.494478 -2.657713
VERTEX2 1082 -44.908845 113.049845 -2.665400
VERTEX2 1083 -45.896084 112.607264 -2.653994
VERTEX2 1084 -46.701447 112.082364 -2.619164
VERTEX2 1085 -47.669411 111.613951 -2.800366
VERTEX2 1086 -48.733927 111.228152 -2.771516
VERTEX2 1087 -49.701990 110.929434 -2.802699
VERTEX2 1088 -50.754755 110.571283 -2.764876
VERTEX2 1089 -51.707414 110.276639 -2.732224
VERTEX2 1090 -52.632316 109.893526 -2.720419
VERTEX2 1091 -53.711410 109.495071 -2.680542
VERTEX2 1092 -54.609122 109.047326 -2.633067
VERTEX2 1093 -55.488943 108.567775 -2.610133
VERTEX2 1094 -56.385156 108.113595 -2.591509
VERTEX2 1095 -57.289250 107.585857 -2.576412
VERTEX2 1096 -58.045455 107.110013 -2.623392
VERTEX2 1097 -58.992338 106.647443 -2.626362
VERTEX2 1098 -59.790945 106.191078 -2.605258
VERTEX2 1099 -60.670421 105.614944 -2.643042
VERTEX2 1100 -61.694317 105.114509 -2.632703
VERTEX2 1101 -62.489848 104.650379 -2.616696
VERTEX2 1102 -63.488722 104.190435 -2.668015
VERTEX2 1103 -64.495715 103.647961 -2.679017
VERTEX2 1104 -65.366746 103.139910 -2.653564
VERTEX2 1105 -66.400191 102.632543 -2.630064
VERTEX2 1106 -67.447570 102.039094 -2.606624
VERTEX2 1107 -68.386976 101.486468 -2.611035
VERTEX2 1108 -69.363619 100.983255 -2.713806
VERTEX2 1109 -70.253142 100.671780 -2.708073
VERTEX2 1110 -71.212442 100.351206 -2.650639
VERTEX2 1111 -72.139548 99.847287 -2.621973
VERTEX2 1112 -73.019635 99.363101 -2.622701
VERTEX2 1113 -73.935766 98.951237 -2.606720
VERTEX2 1114 -74.940495 98.407311 -2.593503
VERTEX2 1115 -75.750570 97.787341 -2.356434
VERTEX2 1116 -76.509888 97.074037 -2.157007
VERTEX2 1117 -76.993707 96.122730 -1.911177
VERTEX2 1118 -77.313797 95.149629 -1.716622
VERTEX2 1119 -77.479689 94.085595 -1.598273
VERTEX2 1120 -77.512538 93.056909 -1.692812
VERTEX2 1121 -77.602104 92.026017 -1.725182
VERTEX2 1122 -77.869322 91.047892 -1.765628
VERTEX2 1123 -78.102325 90.036529 -1.734897
VERTEX2 1124 -78.345399 88.976600 -1.705912
VERTEX2 1125 -78.432474 88.046684 -1.331722
VERTEX2 1126 -78.165849 87.013443 -1.146575
VERTEX2 1127 -77.844390 86.341241 -0.599874
VERTEX2 1128 -77.348419 85.912679 -1.203014
VERTEX2 1129 -76.866587 85.121502 -1.011353
VERTEX2 1130 -76.756069 84.888313 -1.557190
VERTEX2 1131 -76.762478 84.804302 -2.186756
VERTEX2 1132 -76.916294 84.748197 -2.864291
VERTEX2 1133 -77.079382 84.856196 2.730831
VERTEX2 1134 -77.226053 84.894878 2.056645
VERTEX2 1135 -77.633667 85.712297 2.073238
VERTEX2 1136 -77.878640 86.112089 1.848636
VERTEX2 1137 -77.932302 86.043018 1.303583
VERTEX2 1138 -77.922681 85.988794 0.794102
VERTEX2 1139 -77.902176 85.934951 0.208011
VERTEX2 1140 -77.871942 85.935937 -0.397860
VERTEX2 1141 -77.919788 85.902911 -0.905355
VERTEX2 1142 -77.165178 84.949654 -0.891659
VERTEX2 1143 -76.610999 84.133170 -1.009487
VERTEX2 1144 -76.195549 83.282356 -1.180583
VERTEX2 1145 -75.690210 82.325987 -1.154935
VERTEX2 1146 -75.227534 81.332724 -1.129768
VERTEX2 1147 -74.801352 80.395299 -1.109178
VERTEX2 1148 -74.464185 79.478807 -1.089582
VERTEX2 1149 -74.001938 78.614361 -1.063598
VERTEX2 1150 -73.555630 77.772436 -1.053786
VERTEX2 1151 -72.941197 76.907931 -0.999808
VERTEX2 1152 -72.389484 76.009165 -0.964804
VERTEX2 1153 -71.709462 75.007622 -0.948763
VERTEX2 1154 -71.079222 74.245132 -0.916780
VERTEX2 1155 -70.487545 73.523253 -0.897133
VERTEX2 1156 -69.814640 72.618879 -0.893509
VERTEX2 1157 -69.203802 71.804787 -0.885769
VERTEX2 1158 -68.431167 70.765385 -0.877034
VERTEX2 1159 -67.896133 69.911283 -1.117065
VERTEX2 1160 -67.344040 68.909563 -1.091951
VERTEX2 1161 -66.881282 67.999411 -1.069604
VERTEX2 1162 -66.439132 67.189632 -1.041393
VERTEX2 1163 -65.904254 66.343898 -1.035375
VERTEX2 1164 -65.223994 65.344030 -1.015966
VERTEX2 1165 -64.729542 64.492958 -0.999959
VERTEX2 1166 -64.184394 63.540264 -1.057690
VERTEX2 1167 -63.735058 62.537297 -1.099630
VERTEX2 1168 -63.282810 61.633177 -1.091796
VERTEX2 1169 -62.935543 60.676823 -1.073878
VERTEX2 1170 -62.400644 59.847854 -1.076156
VERTEX2 1171 -61.796167 58.917557 -1.048551
VERTEX2 1172 -61.362808 58.034078 -1.012541
VERTEX2 1173 -60.923851 57.173545 -0.986639
VERTEX2 1174 -60.406017 56.419023 -0.976803
VERTEX2 1175 -59.890114 55.529542 -1.174151
VERTEX2 1176 -59.538645 54.586310 -1.155309
VERTEX2 1177 -59.187799 53.668701 -1.155074
VERTEX2 1178 -58.707836 52.672059 -1.152603
VERTEX2 1179 -58.232657 51.793855 -1.102238
VERTEX2 1180 -57.768575 50.892410 -1.086823
VERTEX2 1181 -57.230592 49.805656 -1.075582
VERTEX2 1182 -56.714984 48.866386 -1.066700
VERTEX2 1183 -56.141406 47.975694 -0.915022
VERTEX2 1184 -55.433039 47.230133 -0.732731
VERTEX2 1185 -54.804729 46.619403 -0.695779
VERTEX2 1186 -54.092361 46.058136 -0.736036
VERTEX2 1187 -53.295051 45.240644 -0.799436
VERTEX2 1188 -52.555455 44.391104 -0.961885
VERTEX2 1189 -51.895747 43.468636 -1.038905
VERTEX2 1190 -51.428338 42.637667 -1.090263
VERTEX2 1191 -50.817719 41.652381 -1.084503
VERTEX2 1192 -50.322234 40.787544 -1.112403
VERTEX2 1193 -49.827750 39.873380 -1.114946
VERTEX2 1194 -49.387105 38.776935 -1.091368
VERTEX2 1195 -48.860537 37.828237 -1.086499
VERTEX2 1196 -48.354369 36.670738 -1.085412
VERTEX2 1197 -47.823934 35.789631 -1.058629
VERTEX2 1198 -47.317407 34.916251 -1.057711
VERTEX2 1199 -46.738452 33.938531 -1.069306
VERTEX2 1200 -46.323929 32.960159 -1.037538
VERTEX2 1201 -45.848184 32.157731 -1.007036
VERTEX2 1202 -45.265620 31.296420 -0.998428
VERTEX2 1203 -44.738023 30.410923 -0.994090
VERTEX2 1204 -44.202187 29.609112 -1.087880
VERTEX2 1205 -43.825309 28.690556 -1.158778
VERTEX2 1206 -43.529132 27.665231 -1.122035
VERTEX2 1207 -43.049767 26.695482 -1.117584
VERTEX2 1208 -42.697155 25.756562 -1.116587
VERTEX2 1209 -42.263465 24.864075 -1.116785
VERTEX2 1210 -41.736764 23.941684 -1.103969
VERTEX2 1211 -41.385819 23.040570 -1.096252
VERTEX2 1212 -40.942170 22.109163 -1.075091
VERTEX2 1213 -40.380648 21.153188 -1.069990
VERTEX2 1214 -39.865694 20.197175 -1.045685
VERTEX2 1215 -39.400092 19.221694 -1.035953
VERTEX2 1216 -38.930259 18.286918 -1.056762
VERTEX2 1217 -38.577628 17.363136 -1.106438
VERTEX2 1218 -38.055739 16.332881 -1.075786
VERTEX2 1219 -37.592388 15.420447 -1.069700
VERTEX2 1220 -37.143609 14.419074 -1.064591
VERTEX2 1221 -36.668586 13.496328 -1.063171
VERTEX2 1222 -36.223529 12.596629 -1.044696
VERTEX2 1223 -35.745074 11.776528 -1.044185
VERTEX2 1224 -35.239460 10.891114 -1.038954
VERTEX2 1225 -34.813395 10.091433 -1.032470
VERTEX2 1226 -34.339375 9.296534 -1.008972
VERTEX2 1227 -33.767707 8.406526 -0.996268
VERTEX2 1228 -33.283747 7.543401 -0.996150
VERTEX2 1229 -32.680443 6.671050 -0.978514
VERTEX2 1230 -32.112898 5.822569 -1.013635
VERTEX2 1231 -31.721756 4.838754 -1.296047
VERTEX2 1232 -31.621115 3.809074 -1.673717
VERTEX2 1233 -31.929750 2.875186 -2.189049
VERTEX2 1234 -32.692479 2.171450 -2.516951
VERTEX2 1235 -33.626457 1.523158 -2.557060
VERTEX2 1236 -34.548041 1.020852 -2.560727
VERTEX2 1237 -35.529472 0.419930 -2.580511
VERTEX2 1238 -36.421363 -0.148752 -2.609105
VERTEX2 1239 -37.349579 -0.699631 -2.655636
VERTEX2 1240 -38.280580 -1.112926 -2.663505
VERTEX2 1241 -39.173834 -1.522014 -2.687389
VERTEX2 1242 -40.097297 -1.876009 -2.741603
VERTEX2 1243 -41.196841 -2.050123 -2.821765
VERTEX2 1244 -41.688299 -2.321536 -2.287879
VERTEX2 1245 -41.920476 -2.828360 -1.756028
VERTEX2 1246 -42.010240 -3.351674 -1.208966
VERTEX2 1247 -41.553281 -3.706106 -0.522952
VERTEX2 1248 -41.662707 -3.797995 0.664663
VERTEX2 1249 -40.821409 -3.226438 0.694578
VERTEX2 1250 -39.908925 -2.572720 0.707531
VERTEX2 1251 -39.124160 -1.965375 0.732246
VERTEX2 1252 -38.326942 -1.275206 0.751629
VERTEX2 1253 -37.527486 -0.670700 0.638617
VERTEX2 1254 -36.677248 -0.045702 0.521950
VERTEX2 1255 -35.800800 0.419110 0.427960
VERTEX2 1256 -34.831425 0.773889 0.392515
VERTEX2 1257 -33.872361 1.184893 0.614221
VERTEX2 1258 -33.112423 1.836543 0.658918
VERTEX2 1259 -32.363025 2.515438 0.662420
VERTEX2 1260 -31.611034 3.100233 0.684526
VERTEX2 1261 -30.855429 3.743664 0.681272
VERTEX2 1262 -30.045831 4.172545 0.255995
VERTEX2 1263 -29.098996 4.132149 -0.115963
VERTEX2 1264 -27.929680 4.180320 0.356468
VERTEX2 1265 -26.958897 4.670306 0.562214
VERTEX2 1266 -25.996742 5.334610 0.573222
VERTEX2 1267 -25.316329 5.836888 1.143346
VERTEX2 1268 -25.169815 6.051737 1.680257
VERTEX2 1269 -25.318314 6.295087 2.311728
VERTEX2 1270 -25.611655 6.419800 2.988764
VERTEX2 1271 -25.858258 6.382728 -2.635779
VERTEX2 1272 -26.167113 6.181433 -2.079772
VERTEX2 1273 -26.619932 5.562665 -2.576769
VERTEX2 1274 -27.547800 4.992724 -2.638749
VERTEX2 1275 -28.501829 4.569638 -2.668784
VERTEX2 1276 -29.371075 4.183982 -2.699515
VERTEX2 1277 -30.408544 3.685885 -2.736803
VERTEX2 1278 -31.410899 3.257421 -2.771572
VERTEX2 1279 -32.379072 2.907652 -2.797424
VERTEX2 1280 -33.401708 2.686572 -2.777505
VERTEX2 1281 -34.322862 2.316881 -2.727944
VERTEX2 1282 -35.363799 2.009636 -2.752994
VERTEX2 1283 -36.233045 1.696091 -2.756273
VERTEX2 1284 -37.243733 1.185493 -2.571136
VERTEX2 1285 -38.058777 0.564665 -2.503117
VERTEX2 1286 -39.014421 -0.129981 -2.524062
VERTEX2 1287 -39.772522 -0.544198 -2.602443
VERTEX2 1288 -40.621856 -1.129070 -2.431230
VERTEX2 1289 -41.635977 -1.756835 -2.466491
VERTEX2 1290 -42.518640 -2.322133 -2.606100
VERTEX2 1291 -43.430323 -2.818793 -2.653941
VERTEX2 1292 -44.401588 -3.272261 -2.677972
VERTEX2 1293 -45.372025 -3.675733 -2.693620
VERTEX2 1294 -46.494836 -4.035218 -2.702834
VERTEX2 1295 -47.537776 -4.343470 -2.713916
VERTEX2 1296 -48.610529 -4.746151 -2.729727
VERTEX2 1297 -49.613031 -5.137489 -2.755726
VERTEX2 1298 -50.551696 -5.557308 -2.696260
VERTEX2 1299 -51.419682 -5.990968 -2.620345
VERTEX2 1300 -52.429442 -6.473561 -2.635066
VERTEX2 1301 -53.275715 -7.019392 -2.637211
VERTEX2 1302 -54.311388 -7.554112 -2.670133
VERTEX2 1303 -55.407773 -8.068503 -2.591832
VERTEX2 1304 -56.136204 -8.567367 -2.611926
VERTEX2 1305 -57.035769 -9.150153 -2.633065
VERTEX2 1306 -57.963805 -9.618961 -2.634361
VERTEX2 1307 -59.015157 -10.120009 -2.622865
VERTEX2 1308 -60.024353 -10.585172 -2.639014
VERTEX2 1309 -60.971093 -11.100348 -2.677845
VERTEX2 1310 -61.870077 -11.527868 -2.681376
VERTEX2 1311 -62.811475 -11.894565 -2.690354
VERTEX2 1312 -63.728002 -12.284698 -2.704568
VERTEX2 1313 -64.666753 -12.646429 -2.734554
VERTEX2 1314 -65.658349 -13.060851 -2.739075
VERTEX2 1315 -66.602747 -13.428881 -2.746258
VERTEX2 1316 -67.482748 -13.699328 -2.762586
VERTEX2 1317 -68.425288 -14.038723 -2.767628
VERTEX2 1318 -69.497506 -14.292225 -2.771424
VERTEX2 1319 -70.403568 -14.510027 -2.788802
VERTEX2 1320 -71.240065 -14.961084 -2.695422
VERTEX2 1321 -72.153615 -15.357080 -2.682367
VERTEX2 1322 -73.236697 -15.825817 -2.700876
VERTEX2 1323 -74.077333 -16.221997 -2.740418
VERTEX2 1324 -75.031762 -16.540815 -2.751240
VERTEX2 1325 -76.142140 -16.958585 -2.753734
VERTEX2 1326 -77.171249 -17.362045 -2.757262
VERTEX2 1327 -77.945354 -17.658796 -2.772885
VERTEX2 1328 -78.911894 -18.251858 -2.645004
VERTEX2 1329 -79.641019 -18.781217 -2.571973
VERTEX2 1330 -80.811444 -19.312691 -2.787855
VERTEX2 1331 -81.926290 -19.703201 -2.797196
VERTEX2 1332 -82.950770 -20.067464 -2.798263
VERTEX2 1333 -83.982155 -20.355093 -2.804463
VERTEX2 1334 -84.959965 -20.696906 -2.820245
VERTEX2 1335 -86.004621 -21.057972 -2.832725
VERTEX2 1336 -87.065192 -21.398542 -2.831226
VERTEX2 1337 -88.005368 -21.670261 -2.846203
VERTEX2 1338 -88.961451 -22.139718 -2.244199
VERTEX2 1339 -89.188156 -22.488134 -1.707720
VERTEX2 1340 -89.265680 -23.090763 -1.199507
VERTEX2 1341 -88.890349 -24.001640 -1.176712
VERTEX2 1342 -88.408124 -25.040257 -1.145467
VERTEX2 1343 -87.936187 -26.032029 -1.138309
VERTEX2 1344 -87.705891 -27.004042 -1.595903
VERTEX2 1345 -88.061582 -28.019277 -2.008831
VERTEX2 1346 -88.582720 -28.798396 -2.394467
VERTEX2 1347 -89.384635 -29.215154 -2.645371
VERTEX2 1348 -90.336934 -29.658079 -2.668527
VERTEX2 1349 -91.047775 -30.180475 -1.962527
VERTEX2 1350 -91.178201 -30.509641 -1.345667
VERTEX2 1351 -90.942596 -31.589572 -1.339649
VERTEX2 1352 -90.700651 -32.617789 -1.130279
VERTEX2 1353 -90.392418 -33.447632 -1.099869
VERTEX2 1354 -89.911606 -34.489042 -1.125453
VERTEX2 1355 -89.409630 -35.459936 -1.100250
VERTEX2 1356 -88.923901 -36.416667 -1.088002
VERTEX2 1357 -88.487113 -37.229101 -1.158032
VERTEX2 1358 -88.346072 -37.606591 -1.773282
VERTEX2 1359 -88.445003 -37.771905 -2.303096
VERTEX2 1360 -88.684161 -37.942437 -2.837301
VERTEX2 1361 -88.883743 -37.980466 2.910520
VERTEX2 1362 -89.147157 -37.765221 2.354019
VERTEX2 1363 -89.321558 -37.504678 1.804788
VERTEX2 1364 -89.337731 -36.534839 1.604230
VERTEX2 1365 -89.495963 -35.630521 2.111619
VERTEX2 1366 -89.928324 -34.679715 2.061857
VERTEX2 1367 -90.404189 -33.734498 2.025270
VERTEX2 1368 -90.733558 -32.781082 2.023382
VERTEX2 1369 -91.069698 -31.801918 1.971802
VERTEX2 1370 -91.311152 -30.846037 1.807676
VERTEX2 1371 -91.283429 -30.391956 1.270500
VERTEX2 1372 -91.067636 -29.931837 0.698402
VERTEX2 1373 -90.096221 -29.272418 0.621001
VERTEX2 1374 -89.270783 -28.798406 0.615398
VERTEX2 1375 -88.453486 -28.196771 0.753647
VERTEX2 1376 -88.149136 -27.793116 1.342140
VERTEX2 1377 -88.150473 -26.800954 1.664623
VERTEX2 1378 -88.265202 -25.820926 1.753941
VERTEX2 1379 -88.552334 -24.833081 1.858409
VERTEX2 1380 -88.809765 -23.898715 2.327049
VERTEX2 1381 -89.086098 -23.687760 2.852903
VERTEX2 1382 -90.045200 -23.526148 3.104518
VERTEX2 1383 -91.174396 -23.644967 -2.810512
VERTEX2 1384 -92.278208 -23.986424 -2.828961
VERTEX2 1385 -93.211426 -24.182488 -2.842373
VERTEX2 1386 -94.219398 -24.437207 -2.834120
VERTEX2 1387 -95.215179 -24.744394 -2.820784
VERTEX2 1388 -96.213775 -25.199553 -2.845697
VERTEX2 1389 -97.198671 -25.444201 -2.752709
VERTEX2 1390 -98.120815 -25.863870 -2.699649
VERTEX2 1391 -99.060549 -26.168420 -2.640237
VERTEX2 1392 -99.964357 -26.748594 -2.637686
VERTEX2 1393 -100.855459 -27.210903 -2.637695
VERTEX2 1394 -101.813415 -27.657341 -2.632523
VERTEX2 1395 -102.698497 -28.052268 -2.619884
VERTEX2 1396 -103.609779 -28.473368 -2.621384
VERTEX2 1397 -104.560687 -28.934702 -2.618760
VERTEX2 1398 -105.461593 -29.473037 -2.626182
VERTEX2 1399 -106.422946 -29.941309 -2.612419
VERTEX2 1400 -107.325482 -30.430446 -2.636123
VERTEX2 1401 -108.192924 -30.967906 -2.651271
VERTEX2 1402 -109.141463 -31.372170 -2.634954
VERTEX2 1403 -110.082624 -31.858902 -2.579498
VERTEX2 1404 -110.955513 -32.449452 -2.500915
VERTEX2 1405 -112.029713 -33.081303 -2.657421
VERTEX2 1406 -113.013898 -33.489230 -2.799675
VERTEX2 1407 -114.006361 -33.747426 -2.828509
VERTEX2 1408 -114.991637 -33.996474 -2.821547
VERTEX2 1409 -116.176723 -34.374557 -2.755396
VERTEX2 1410 -117.068784 -34.752931 -2.692511
VERTEX2 1411 -118.087361 -35.207427 -2.688548
VERTEX2 1412 -119.043234 -35.639033 -2.684200
VERTEX2 1413 -119.965256 -36.031571 -2.669519
VERTEX2 1414 -120.785487 -36.482693 -2.537070
VERTEX2 1415 -121.685073 -37.173913 -2.454421
VERTEX2 1416 -122.379844 -37.777584 -2.448951
VERTEX2 1417 -123.226316 -38.511434 -2.448029
VERTEX2 1418 -124.012201 -39.086838 -2.460547
VERTEX2 1419 -124.751973 -39.688194 -2.501879
VERTEX2 1420 -125.662584 -40.284005 -2.501366
VERTEX2 1421 -126.733494 -41.019127 -2.498046
VERTEX2 1422 -127.567466 -41.555608 -2.663400
VERTEX2 1423 -128.491973 -42.024945 -2.645278
VERTEX2 1424 -129.436083 -42.499142 -2.654654
VERTEX2 1425 -130.463525 -43.085418 -2.668494
VERTEX2 1426 -131.396844 -43.536033 -2.679499
VERTEX2 1427 -132.360441 -43.935312 -2.691796
VERTEX2 1428 -133.304235 -44.446637 -2.712669
VERTEX2 1429 -134.329493 -44.821418 -2.704023
VERTEX2 1430 -135.225760 -45.199058 -2.708934
VERTEX2 1431 -136.165972 -45.612894 -2.723339
VERTEX2 1432 -137.187095 -46.024483 -2.724730
VERTEX2 1433 -138.047580 -46.413493 -2.723808
VERTEX2 1434 -139.012460 -46.757779 -2.723791
VERTEX2 1435 -140.016117 -47.166308 -2.730810
VERTEX2 1436 -140.958662 -47.540619 -2.730371
VERTEX2 1437 -142.030263 -47.987830 -2.697112
VERTEX2 1438 -143.069741 -48.336253 -2.701413
VERTEX2 1439 -144.034341 -48.841205 -2.588789
VERTEX2 1440 -144.823309 -49.348887 -2.489560
VERTEX2 1441 -145.737312 -49.887186 -2.781538
VERTEX2 1442 -146.734328 -49.998284 2.874825
VERTEX2 1443 -147.364179 -49.607997 2.394865
VERTEX2 1444 -147.607896 -49.146156 1.792182
VERTEX2 1445 -147.527350 -48.672372 1.196678
VERTEX2 1446 -147.176753 -48.102322 1.768889
VERTEX2 1447 -147.421300 -47.134051 1.745814
VERTEX2 1448 -147.627357 -46.163451 1.971394
VERTEX2 1449 -148.015130 -45.096146 1.933795
VERTEX2 1450 -148.320675 -44.077436 1.905157
VERTEX2 1451 -148.741853 -43.109464 2.173190
VERTEX2 1452 -149.365549 -42.226121 2.239989
VERTEX2 1453 -150.039301 -41.417270 2.208659
VERTEX2 1454 -150.563282 -40.447836 2.083939
VERTEX2 1455 -151.115217 -39.484294 2.049579
VERTEX2 1456 -151.646534 -38.475362 2.033910
VERTEX2 1457 -152.078621 -37.473784 2.016509
VERTEX2 1458 -152.424834 -36.645424 1.990631
VERTEX2 1459 -152.764428 -35.652296 1.976748
VERTEX2 1460 -153.040464 -34.723010 1.951969
VERTEX2 1461 -153.429095 -33.768700 1.946001
VERTEX2 1462 -153.755848 -32.785578 1.921978
VERTEX2 1463 -154.043796 -31.897661 1.917029
VERTEX2 1464 -154.367792 -30.766924 1.986796
VERTEX2 1465 -154.768809 -29.886424 2.010309
VERTEX2 1466 -155.262068 -28.922092 1.988659
VERTEX2 1467 -155.653724 -27.980603 1.963586
VERTEX2 1468 -155.908429 -27.059875 1.937479
VERTEX2 1469 -156.216505 -26.021442 1.920116
VERTEX2 1470 -156.687741 -25.024792 1.982334
VERTEX2 1471 -157.110880 -24.154991 2.079998
VERTEX2 1472 -157.589739 -23.206399 2.063127
VERTEX2 1473 -158.034050 -22.208583 2.044516
VERTEX2 1474 -158.576443 -21.047695 2.015003
VERTEX2 1475 -158.989624 -20.045475 1.993858
VERTEX2 1476 -159.333712 -19.159840 1.971887
VERTEX2 1477 -159.707364 -18.151032 1.949104
VERTEX2 1478 -160.072321 -17.262737 1.928402
VERTEX2 1479 -160.360170 -16.215204 1.912617
VERTEX2 1480 -160.743152 -15.051215 1.908465
VERTEX2 1481 -161.016281 -13.975144 1.900466
VERTEX2 1482 -161.257540 -12.903094 1.902493
VERTEX2 1483 -161.551252 -11.834037 1.962505
VERTEX2 1484 -162.054775 -10.845348 2.093503
VERTEX2 1485 -162.605420 -9.899221 2.112883
VERTEX2 1486 -163.143375 -9.049752 2.106556
VERTEX2 1487 -163.675283 -8.200518 2.093950
VERTEX2 1488 -164.168314 -7.313009 2.087401
VERTEX2 1489 -164.688556 -6.363052 2.057203
VERTEX2 1490 -165.093423 -5.480854 2.039797
VERTEX2 1491 -165.608380 -4.374167 2.040851
VERTEX2 1492 -166.027768 -3.553389 2.038239
VERTEX2 1493 -166.441096 -2.681316 2.020403
VERTEX2 1494 -166.895611 -1.628453 1.996127
VERTEX2 1495 -167.254710 -0.730416 2.006564
VERTEX2 1496 -167.675527 0.269152 1.967948
VERTEX2 1497 -168.034406 1.146275 1.956351
VERTEX2 1498 -168.386292 2.189360 1.966787
VERTEX2 1499 -168.738655 3.114637 1.947773
VERTEX2 1500 -169.184432 4.139788 1.954365
VERTEX2 1501 -169.559576 5.050152 2.030914
VERTEX2 1502 -170.000987 6.005079 2.024321
VERTEX2 1503 -170.387530 6.883169 1.986497
VERTEX2 1504 -170.732087 7.827824 1.973469
VERTEX2 1505 -171.102538 8.841845 1.974294
VERTEX2 1506 -171.532975 9.706042 1.948418
VERTEX2 1507 -171.790308 10.633357 1.925778
VERTEX2 1508 -171.985845 11.635615 1.929668
VERTEX2 1509 -172.386469 12.616250 1.949900
VERTEX2 1510 -172.818822 13.581686 2.031811
VERTEX2 1511 -173.245091 14.508196 2.035376
VERTEX2 1512 -173.746693 15.421402 2.025845
VERTEX2 1513 -174.146767 16.477099 2.010200
VERTEX2 1514 -174.531317 17.384068 2.018023
VERTEX2 1515 -174.964212 18.287525 1.999181
VERTEX2 1516 -175.347566 19.290668 1.993053
VERTEX2 1517 -175.799866 20.371487 1.994443
VERTEX2 1518 -176.143637 21.265590 1.998073
VERTEX2 1519 -176.648785 22.273476 1.980958
VERTEX2 1520 -177.154284 23.207124 2.059245
VERTEX2 1521 -177.649681 24.190887 2.121972
VERTEX2 1522 -178.171864 25.070403 2.120353
VERTEX2 1523 -178.714759 26.088509 2.125035
VERTEX2 1524 -179.264092 26.952251 2.130779
VERTEX2 1525 -179.757828 27.807902 1.872337
VERTEX2 1526 -180.061139 28.750499 1.821373
VERTEX2 1527 -180.280045 29.751581 1.811073
VERTEX2 1528 -180.477525 30.786515 1.791535
VERTEX2 1529 -180.782882 31.946044 1.906238
VERTEX2 1530 -181.170774 32.960440 1.948246
VERTEX2 1531 -181.465934 34.062144 1.959554
VERTEX2 1532 -181.810334 34.940685 2.002175
VERTEX2 1533 -182.299127 35.832546 2.038136
VERTEX2 1534 -182.741547 36.723255 2.035538
VERTEX2 1535 -183.211557 37.730175 2.033224
VERTEX2 1536 -183.662233 38.711836 2.045454
VERTEX2 1537 -184.069286 39.656279 2.061626
VERTEX2 1538 -184.596765 40.537164 2.064803
VERTEX2 1539 -185.117918 41.366482 2.600861
VERTEX2 1540 -186.037217 41.740477 2.833729
VERTEX2 1541 -186.978760 42.104828 2.819936
VERTEX2 1542 -187.972408 42.395943 2.984538
VERTEX2 1543 -188.988807 42.670724 2.892233
VERTEX2 1544 -190.016832 42.922297 2.904861
VERTEX2 1545 -191.060647 43.164008 2.941805
VERTEX2 1546 -192.219588 43.384430 3.021109
VERTEX2 1547 -193.325004 43.526302 3.091393
VERTEX2 1548 -194.446839 43.285802 -2.796652
VERTEX2 1549 -195.410117 42.841170 -2.582323
VERTEX2 1550 -196.291539 42.367371 -2.608167
VERTEX2 1551 -197.179009 41.794858 -2.601137
VERTEX2 1552 -198.046112 41.303747 -2.571718
VERTEX2 1553 -199.004854 40.837204 -2.557576
VERTEX2 1554 -199.884447 40.261907 -2.528920
VERTEX2 1555 -200.857343 39.637394 -2.498619
VERTEX2 1556 -201.716662 38.977298 -2.459205
VERTEX2 1557 -202.441997 38.328036 -2.425886
VERTEX2 1558 -203.268190 37.613601 -2.433059
VERTEX2 1559 -204.171516 36.957705 -2.493720
VERTEX2 1560 -205.018113 36.327911 -2.455392
VERTEX2 1561 -205.760421 35.784367 -2.440534
VERTEX2 1562 -206.621786 35.085788 -2.408374
VERTEX2 1563 -207.441764 34.388996 -2.447479
VERTEX2 1564 -208.331720 33.778268 -2.487791
VERTEX2 1565 -209.248173 33.264482 -2.708431
VERTEX2 1566 -210.157119 32.776643 -2.581244
VERTEX2 1567 -211.031109 32.223084 -2.581781
VERTEX2 1568 -212.013548 31.714941 -2.563620
VERTEX2 1569 -212.908759 31.119643 -2.524258
VERTEX2 1570 -213.914600 30.523317 -2.496916
VERTEX2 1571 -214.766643 29.874874 -2.419025
VERTEX2 1572 -215.499071 29.104063 -2.152530
VERTEX2 1573 -216.297520 28.343605 -2.424362
VERTEX2 1574 -216.873857 27.751072 -2.411120
VERTEX2 1575 -217.573171 27.039984 -2.376939
VERTEX2 1576 -218.403545 26.341822 -2.351156
VERTEX2 1577 -219.188306 25.636039 -2.556863
VERTEX2 1578 -220.286059 24.865227 -2.552414
VERTEX2 1579 -221.106195 24.347185 -2.531418
VERTEX2 1580 -221.928494 23.777674 -2.539558
VERTEX2 1581 -222.823515 23.154783 -2.540114
VERTEX2 1582 -223.700638 22.529179 -2.532956
VERTEX2 1583 -224.575956 21.854791 -2.517652
VERTEX2 1584 -225.520992 21.237662 -2.508811
VERTEX2 1585 -226.370866 20.660109 -2.494104
VERTEX2 1586 -227.196857 19.969027 -2.456473
VERTEX2 1587 -227.994946 19.414834 -2.417807
VERTEX2 1588 -228.706026 18.637177 -2.411368
VERTEX2 1589 -228.982699 18.244250 -1.871203
VERTEX2 1590 -229.117657 17.359358 -1.285778
VERTEX2 1591 -228.750827 16.558837 -0.901554
VERTEX2 1592 -228.069999 15.628839 -0.887462
VERTEX2 1593 -227.502415 14.935754 -0.878841
VERTEX2 1594 -226.787295 14.113446 -0.753366
VERTEX2 1595 -225.826748 13.553123 -0.513312
VERTEX2 1596 -225.165449 12.891396 -0.835948
VERTEX2 1597 -224.450472 12.191032 -0.808254
VERTEX2 1598 -223.781314 11.433298 -0.788431
VERTEX2 1599 -223.100248 10.714634 -0.768070
VERTEX2 1600 -222.468423 9.868712 -1.061116
VERTEX2 1601 -222.156878 8.912765 -1.376737
VERTEX2 1602 -221.795632 7.889185 -0.908208
VERTEX2 1603 -221.233386 7.058803 -0.855114
VERTEX2 1604 -220.620393 6.144171 -0.844054
VERTEX2 1605 -219.934448 5.227842 -0.821542
VERTEX2 1606 -219.201194 4.413948 -0.810069
VERTEX2 1607 -218.455658 3.692951 -0.794676
VERTEX2 1608 -217.769646 2.953421 -0.767087
VERTEX2 1609 -217.052000 2.241155 -0.792793
VERTEX2 1610 -216.360446 1.504374 -0.791105
VERTEX2 1611 -215.679375 0.816011 -0.778235
VERTEX2 1612 -215.041621 0.139292 -0.777312
VERTEX2 1613 -214.334082 -0.607898 -0.884444
VERTEX2 1614 -213.764777 -1.436648 -0.922180
VERTEX2 1615 -213.168008 -2.214514 -0.905922
VERTEX2 1616 -212.457511 -3.040546 -0.907175
VERTEX2 1617 -211.763255 -3.759924 -0.889689
VERTEX2 1618 -211.094541 -4.572079 -0.858101
VERTEX2 1619 -210.493060 -5.462197 -1.067104
VERTEX2 1620 -210.014135 -6.311282 -1.034153
VERTEX2 1621 -209.459667 -7.251210 -1.030028
VERTEX2 1622 -208.908563 -8.168918 -0.983974
VERTEX2 1623 -208.295240 -8.913055 -0.938477
VERTEX2 1624 -207.727075 -9.739207 -0.910701
VERTEX2 1625 -207.278832 -10.561615 -1.025508
VERTEX2 1626 -206.861710 -11.444274 -1.047012
VERTEX2 1627 -206.344056 -12.250793 -1.019438
VERTEX2 1628 -205.728400 -13.048300 -0.752371
VERTEX2 1629 -204.991823 -13.806496 -0.709538
VERTEX2 1630 -204.312556 -14.492707 -0.673369
VERTEX2 1631 -203.526584 -15.188507 -0.673799
VERTEX2 1632 -202.758813 -15.967991 -1.019104
VERTEX2 1633 -202.254729 -16.987646 -1.171543
VERTEX2 1634 -201.837834 -17.885745 -0.857293
VERTEX2 1635 -201.253022 -18.669993 -0.859701
VERTEX2 1636 -200.821061 -19.642639 -1.254279
VERTEX2 1637 -200.551692 -20.073240 -0.711181
VERTEX2 1638 -199.805458 -20.645595 -0.415695
VERTEX2 1639 -198.820304 -20.972325 -0.219184
VERTEX2 1640 -197.969575 -21.043830 0.264808
VERTEX2 1641 -196.967738 -20.800979 0.078120
VERTEX2 1642 -195.985117 -21.070231 -0.460489
VERTEX2 1643 -195.571688 -21.415847 -1.205021
VERTEX2 1644 -195.518888 -21.607903 -1.719720
VERTEX2 1645 -195.544582 -21.754807 -2.222485
VERTEX2 1646 -195.788145 -21.936746 -1.691106
VERTEX2 1647 -195.967819 -22.878991 -1.682937
VERTEX2 1648 -196.127190 -23.938106 -1.682640
VERTEX2 1649 -196.135781 -24.882134 -1.075201
VERTEX2 1650 -195.591457 -25.677244 -0.967323
VERTEX2 1651 -194.927014 -26.543039 -0.891822
VERTEX2 1652 -194.274960 -27.466334 -0.863229
VERTEX2 1653 -193.760101 -28.247152 -0.825404
VERTEX2 1654 -193.094341 -28.953449 -0.807225
VERTEX2 1655 -192.361501 -29.714976 -0.789669
VERTEX2 1656 -191.665540 -30.400126 -0.752811
VERTEX2 1657 -190.921913 -31.080602 -0.798740
VERTEX2 1658 -190.280866 -31.843228 -0.897094
VERTEX2 1659 -189.618970 -32.655571 -0.884422
VERTEX2 1660 -188.965926 -33.366654 -0.860430
VERTEX2 1661 -188.314719 -34.276550 -0.849113
VERTEX2 1662 -187.687151 -35.027920 -0.888494
VERTEX2 1663 -187.144654 -35.877179 -0.974088
VERTEX2 1664 -186.721354 -36.769258 -0.993334
VERTEX2 1665 -186.151812 -37.518098 -0.751325
VERTEX2 1666 -185.452056 -38.328315 -1.003839
VERTEX2 1667 -184.981675 -39.192102 -1.063459
VERTEX2 1668 -184.399964 -40.077438 -0.906764
VERTEX2 1669 -183.826020 -40.864582 -0.892909
VERTEX2 1670 -183.224442 -41.691397 -0.859589
VERTEX2 1671 -182.566273 -42.506227 -0.861934
VERTEX2 1672 -181.844934 -43.254129 -0.868024
VERTEX2 1673 -181.189734 -44.053537 -0.867237
VERTEX2 1674 -180.411358 -44.914399 -0.691885
VERTEX2 1675 -179.703963 -45.581785 -0.686639
VERTEX2 1676 -178.868584 -46.245732 -0.685721
VERTEX2 1677 -178.196764 -46.926694 -0.667153
VERTEX2 1678 -177.434037 -47.591438 -0.658866
VERTEX2 1679 -176.718487 -48.223625 -0.680012
VERTEX2 1680 -175.970495 -48.972250 -0.811910
VERTEX2 1681 -175.198548 -49.755918 -0.794240
VERTEX2 1682 -174.506493 -50.566989 -0.777812
VERTEX2 1683 -173.822500 -51.353007 -0.991522
VERTEX2 1684 -173.266286 -52.271169 -0.981034
VERTEX2 1685 -172.687239 -53.174484 -0.989512
VERTEX2 1686 -172.185093 -54.074407 -0.998281
VERTEX2 1687 -171.636880 -54.915480 -0.990107
VERTEX2 1688 -171.120204 -55.800494 -0.964808
VERTEX2 1689 -170.443902 -56.457780 -0.720098
VERTEX2 1690 -169.688346 -57.227248 -0.940566
VERTEX2 1691 -169.096427 -58.086124 -1.052267
VERTEX2 1692 -168.560231 -59.051969 -0.898233
VERTEX2 1693 -167.812897 -59.883786 -0.628137
VERTEX2 1694 -167.058680 -60.467997 -0.834518
VERTEX2 1695 -166.386352 -61.221034 -0.855014
VERTEX2 1696 -165.758527 -62.112688 -1.039902
VERTEX2 1697 -165.299707 -63.056107 -0.880379
VERTEX2 1698 -164.481427 -63.644971 -0.529978
VERTEX2 1699 -164.104302 -63.952417 -0.006361
VERTEX2 1700 -163.872543 -63.859730 0.531976
VERTEX2 1701 -162.967738 -63.152446 0.790002
VERTEX2 1702 -162.178543 -62.414828 0.809663
VERTEX2 1703 -161.400500 -61.637033 0.821176
VERTEX2 1704 -160.735576 -60.947982 0.828751
VERTEX2 1705 -159.900483 -60.102521 0.790795
VERTEX2 1706 -159.144089 -59.372876 0.741892
VERTEX2 1707 -158.358538 -58.756014 0.761543
VERTEX2 1708 -157.606319 -58.062394 0.788155
VERTEX2 1709 -156.837540 -57.374571 0.812296
VERTEX2 1710 -156.132061 -56.633266 0.830617
VERTEX2 1711 -155.339591 -56.057686 0.692837
VERTEX2 1712 -154.522546 -55.425207 0.714168
VERTEX2 1713 -153.669492 -54.749930 0.627568
VERTEX2 1714 -152.823830 -54.202889 0.529408
VERTEX2 1715 -151.899049 -53.621593 0.548310
VERTEX2 1716 -151.036415 -53.085849 0.574550
VERTEX2 1717 -150.003507 -52.557957 0.593201
VERTEX2 1718 -149.105044 -51.905153 0.610092
VERTEX2 1719 -148.205217 -51.164958 0.638865
VERTEX2 1720 -147.315100 -50.551922 0.662601
VERTEX2 1721 -146.478343 -49.980621 0.680843
VERTEX2 1722 -145.742455 -49.429482 0.697985
VERTEX2 1723 -144.992869 -48.733593 0.715565
VERTEX2 1724 -144.262280 -48.091709 0.713245
VERTEX2 1725 -143.402169 -47.454293 0.734753
VERTEX2 1726 -142.618099 -46.775681 0.753563
VERTEX2 1727 -141.705844 -46.009704 0.713100
VERTEX2 1728 -140.876990 -45.371595 0.657182
VERTEX2 1729 -140.087428 -44.772184 0.666413
VERTEX2 1730 -139.284411 -44.149787 0.689484
VERTEX2 1731 -138.516326 -43.487944 0.727704
VERTEX2 1732 -137.690844 -42.892168 0.595246
VERTEX2 1733 -136.911107 -42.385443 0.627418
VERTEX2 1734 -136.010532 -41.784133 0.652348
VERTEX2 1735 -135.222974 -41.136543 0.651384
VERTEX2 1736 -134.343886 -40.547954 0.655178
VERTEX2 1737 -133.589462 -39.975652 0.678118
VERTEX2 1738 -132.623734 -39.346837 0.487085
VERTEX2 1739 -131.717902 -38.825173 0.505033
VERTEX2 1740 -130.881233 -38.385232 0.528892
VERTEX2 1741 -130.044794 -37.871037 0.557130
VERTEX2 1742 -129.192544 -37.310923 0.585298
VERTEX2 1743 -128.378410 -36.722074 0.606776
VERTEX2 1744 -127.485471 -36.225896 0.626974
VERTEX2 1745 -126.831737 -35.515079 1.029949
VERTEX2 1746 -126.292606 -34.661445 1.118863
VERTEX2 1747 -125.974987 -33.752429 1.371061
VERTEX2 1748 -125.955343 -32.964411 1.936092
VERTEX2 1749 -126.326604 -32.028211 1.993611
VERTEX2 1750 -126.701864 -31.653795 2.533010
VERTEX2 1751 -127.132822 -31.536055 3.054605
VERTEX2 1752 -127.550143 -31.523685 -2.659845
VERTEX2 1753 -127.674479 -31.706942 -2.049790
VERTEX2 1754 -127.727626 -32.026432 -1.379035
VERTEX2 1755 -127.547720 -32.204261 -0.848738
VERTEX2 1756 -127.126351 -32.400225 -0.277420
VERTEX2 1757 -126.412509 -32.319535 -0.069399
VERTEX2 1758 -126.053367 -32.445123 -0.572528
VERTEX2 1759 -125.329663 -33.103730 -0.829788
VERTEX2 1760 -124.819532 -33.390281 -0.273176
VERTEX2 1761 -124.554164 -33.551316 0.271736
VERTEX2 1762 -123.473762 -32.730274 0.619121
VERTEX2 1763 -122.482156 -32.002787 0.665600
VERTEX2 1764 -121.611948 -31.330420 0.799908
VERTEX2 1765 -120.820398 -30.543992 0.882082
VERTEX2 1766 -120.095877 -29.777517 0.896535
VERTEX2 1767 -119.431346 -29.037847 0.900166
VERTEX2 1768 -118.755559 -28.152330 0.941819
VERTEX2 1769 -118.137112 -27.331273 0.971238
VERTEX2 1770 -117.454700 -26.608604 0.675735
VERTEX2 1771 -116.528963 -25.936468 0.653529
VERTEX2 1772 -115.627295 -25.371060 0.679866
VERTEX2 1773 -114.803756 -24.674560 0.687138
VERTEX2 1774 -113.921836 -23.942111 0.638798
VERTEX2 1775 -112.881404 -23.298372 0.598004
VERTEX2 1776 -112.084167 -22.721959 0.581273
VERTEX2 1777 -111.116102 -22.136000 0.589552
VERTEX2 1778 -110.127665 -21.430903 0.614169
VERTEX2 1779 -109.210227 -20.846396 0.626629
VERTEX2 1780 -108.386336 -20.304859 0.658449
VERTEX2 1781 -107.513738 -19.550173 0.676643
VERTEX2 1782 -106.701784 -18.862802 0.710378
VERTEX2 1783 -106.032436 -18.264862 0.718302
VERTEX2 1784 -105.136377 -17.473474 0.749233
VERTEX2 1785 -104.261811 -16.670623 0.774250
VERTEX2 1786 -103.577159 -15.930040 0.792665
VERTEX2 1787 -102.597503 -15.005411 0.753685
VERTEX2 1788 -101.821958 -14.351032 0.740379
VERTEX2 1789 -100.944209 -13.762318 0.596842
VERTEX2 1790 -99.933686 -13.106516 0.619615
VERTEX2 1791 -99.076435 -12.578213 0.644047
VERTEX2 1792 -98.258393 -11.975754 0.677128
VERTEX2 1793 -97.321018 -11.309771 0.672429
VERTEX2 1794 -96.447165 -10.699001 0.671530
VERTEX2 1795 -95.549748 -10.090321 0.696015
VERTEX2 1796 -94.730870 -9.349958 0.696753
VERTEX2 1797 -93.964293 -8.714498 0.713327
VERTEX2 1798 -93.115209 -8.124579 0.717135
VERTEX2 1799 -92.376548 -7.377688 0.740308
VERTEX2 1800 -91.629073 -6.609999 0.762760
VERTEX2 1801 -90.809716 -5.793871 0.747548
VERTEX2 1802 -89.959670 -5.157872 0.741079
VERTEX2 1803 -89.111975 -4.461479 0.739662
VERTEX2 1804 -88.197423 -3.722356 0.761718
VERTEX2 1805 -87.455867 -2.985281 0.690520
VERTEX2 1806 -86.590880 -2.340556 0.682226
VERTEX2 1807 -85.813375 -1.687480 0.710056
VERTEX2 1808 -84.990393 -0.980697 0.743708
VERTEX2 1809 -84.364370 -0.301795 0.749948
VERTEX2 1810 -83.563976 0.403948 0.768176
VERTEX2 1811 -82.760904 1.157948 0.780976
VERTEX2 1812 -82.115160 1.765571 0.788204
VERTEX2 1813 -81.328030 2.560781 0.790120
VERTEX2 1814 -80.654727 3.204268 0.818740
VERTEX2 1815 -79.934076 3.900908 0.747011
VERTEX2 1816 -79.163055 4.554308 0.752587
VERTEX2 1817 -78.360113 5.225527 0.775949
VERTEX2 1818 -77.635780 5.986962 0.783205
VERTEX2 1819 -76.891162 6.634930 0.789557
VERTEX2 1820 -76.179423 7.257807 0.770790
VERTEX2 1821 -75.246700 8.091800 0.781854
VERTEX2 1822 -74.557375 8.785785 0.790911
VERTEX2 1823 -73.871339 9.438419 0.752521
VERTEX2 1824 -73.045517 10.136467 0.767444
VERTEX2 1825 -72.345279 10.931627 0.784830
VERTEX2 1826 -71.546478 11.533263 0.785759
VERTEX2 1827 -70.769696 12.142186 0.800808
VERTEX2 1828 -70.049486 12.824979 0.823639
VERTEX2 1829 -69.510068 13.623639 0.818183
VERTEX2 1830 -68.743664 14.451563 0.811546
VERTEX2 1831 -67.953779 15.241271 0.850706
VERTEX2 1832 -67.252154 15.960955 0.877595
VERTEX2 1833 -66.547977 16.711223 0.827051
VERTEX2 1834 -65.883144 17.415248 0.833165
VERTEX2 1835 -65.156353 18.170255 0.829685
VERTEX2 1836 -64.369299 18.932493 0.838634
VERTEX2 1837 -63.614269 19.768666 0.839841
VERTEX2 1838 -62.899492 20.485068 0.851236
VERTEX2 1839 -62.245156 21.351583 0.845293
VERTEX2 1840 -61.545828 22.170911 0.854284
VERTEX2 1841 -60.872686 22.903209 0.782918
VERTEX2 1842 -60.038800 23.709205 0.785088
VERTEX2 1843 -59.209578 24.373047 0.792068
VERTEX2 1844 -58.385697 25.165834 0.820690
VERTEX2 1845 -57.770223 25.874945 0.841284
VERTEX2 1846 -56.964031 26.745719 0.862673
VERTEX2 1847 -56.211010 27.538170 0.874695
VERTEX2 1848 -55.615196 28.203065 0.898239
VERTEX2 1849 -54.978383 29.119337 0.906852
VERTEX2 1850 -54.379090 29.926483 0.907105
VERTEX2 1851 -53.748420 30.684453 0.916783
VERTEX2 1852 -53.103715 31.462429 0.898570
VERTEX2 1853 -52.329071 32.263212 0.910075
VERTEX2 1854 -51.615385 33.065716 0.912235
VERTEX2 1855 -51.041841 33.837462 0.909308
VERTEX2 1856 -50.416198 34.557563 0.918009
VERTEX2 1857 -49.775068 35.288747 0.925479
VERTEX2 1858 -49.053546 36.264634 0.937635
VERTEX2 1859 -48.340492 37.099336 0.922162
VERTEX2 1860 -47.672680 37.865318 0.834424
VERTEX2 1861 -46.957339 38.610575 0.847275
VERTEX2 1862 -46.156671 39.330790 0.856773
VERTEX2 1863 -45.488172 40.184206 0.884076
VERTEX2 1864 -44.786607 40.957214 0.891523
VERTEX2 1865 -44.141266 41.842442 0.878797
VERTEX2 1866 -43.409001 42.652439 0.875852
VERTEX2 1867 -42.667915 43.372089 0.877219
VERTEX2 1868 -42.021711 44.117235 0.877228
VERTEX2 1869 -41.345484 44.926083 0.880185
VERTEX2 1870 -40.717802 45.791670 0.878471
VERTEX2 1871 -40.017029 46.570772 0.878093
VERTEX2 1872 -39.257142 47.376775 0.878098
VERTEX2 1873 -38.465621 48.223307 0.884010
VERTEX2 1874 -37.887580 48.919755 0.871730
VERTEX2 1875 -37.174241 49.689579 0.864415
VERTEX2 1876 -36.517846 50.441813 0.864835
VERTEX2 1877 -35.778416 51.156511 0.874948
VERTEX2 1878 -35.083386 52.002104 0.857026
VERTEX2 1879 -34.380345 52.881161 0.997225
VERTEX2 1880 -33.812069 53.570000 0.867943
VERTEX2 1881 -33.065884 54.271455 0.880562
VERTEX2 1882 -32.373445 55.178374 0.887331
VERTEX2 1883 -31.611293 56.042796 0.881895
VERTEX2 1884 -31.012230 56.824071 0.885776
VERTEX2 1885 -30.220140 57.806129 0.858597
VERTEX2 1886 -29.456041 58.620197 0.869141
VERTEX2 1887 -28.755907 59.281547 0.862349
VERTEX2 1888 -27.948915 60.130287 0.882078
VERTEX2 1889 -27.390965 60.880110 0.861701
VERTEX2 1890 -26.725720 61.711918 0.874863
VERTEX2 1891 -26.085439 62.448906 0.868574
VERTEX2 1892 -25.275566 63.359538 0.885337
VERTEX2 1893 -24.607158 64.177987 0.875441
VERTEX2 1894 -23.958571 64.841522 0.871731
VERTEX2 1895 -23.223540 65.755959 0.851995
VERTEX2 1896 -22.488045 66.533010 0.851226
VERTEX2 1897 -21.805721 67.320744 0.851158
VERTEX2 1898 -21.242896 67.995723 0.855991
VERTEX2 1899 -20.544706 68.751668 0.851431
VERTEX2 1900 -19.892519 69.501948 0.885628
VERTEX2 1901 -19.332882 70.185192 0.824875
VERTEX2 1902 -18.533119 70.978393 0.716597
VERTEX2 1903 -17.787824 71.672129 0.881982
VERTEX2 1904 -16.970554 72.504366 0.886753
VERTEX2 1905 -16.185508 73.325233 0.940578
VERTEX2 1906 -15.664086 74.138584 1.047379
VERTEX2 1907 -15.021794 74.981652 0.995243
VERTEX2 1908 -14.418862 75.859817 0.991668
VERTEX2 1909 -13.808126 76.761051 0.972181
VERTEX2 1910 -13.594527 77.015346 0.272135
VERTEX2 1911 -12.590876 77.167821 0.078766
VERTEX2 1912 -11.634216 76.933159 -0.397429
VERTEX2 1913 -10.756385 76.377669 -0.653850
VERTEX2 1914 -10.056049 75.742543 -0.640529
VERTEX2 1915 -9.207855 75.101497 -0.669171
VERTEX2 1916 -8.476963 74.495341 -0.714495
VERTEX2 1917 -7.695078 73.766603 -0.744177
VERTEX2 1918 -6.860317 72.941637 -0.745820
VERTEX2 1919 -6.125468 72.102848 -0.762132
VERTEX2 1920 -5.391937 71.201072 -0.791151
VERTEX2 1921 -4.642195 70.478652 -0.644188
VERTEX2 1922 -3.587205 69.913927 -0.306668
VERTEX2 1923 -2.931521 69.923850 0.275238
VERTEX2 1924 -2.453348 70.180281 0.880499
VERTEX2 1925 -2.229814 70.724935 1.488603
VERTEX2 1926 -2.331446 71.249965 2.070389
VERTEX2 1927 -2.708269 71.744495 2.687066
VERTEX2 1928 -3.140225 71.848391 -2.978301
VERTEX2 1929 -3.464513 71.642590 -2.395755
VERTEX2 1930 -3.667261 71.281925 -1.786109
VERTEX2 1931 -3.585509 70.793069 -1.197585
VERTEX2 1932 -3.367998 70.426235 -0.623926
VERTEX2 1933 -2.847449 70.216380 -0.048966
VERTEX2 1934 -2.559896 70.270348 0.520491
VERTEX2 1935 -2.410522 70.466670 1.286527
VERTEX2 1936 -2.380860 70.602682 1.924344
VERTEX2 1937 -2.737149 71.255891 1.914662
VERTEX2 1938 -2.917004 71.728943 2.314550
VERTEX2 1939 -3.236598 72.093704 1.908741
VERTEX2 1940 -3.210199 73.094617 1.548734
